Tid lon lat E[km] N[km] dep[km] strike dip Area[km2] idP1 idP2 idP3
0  142.08  37.33  -125.756 -483.498  25.073  205.865  16.666  380.069   214 71 63
1  143.17  36.87  -29.245 -535.531  7.833   212.735  3.997   294.323   82 38 36
10  141.89  38.25  -140.539 -380.465  40.832  192.507  20.359  513.850   149 56 103
100  142.62  38.63  -76.966 -338.865  23.446  187.536  13.394  327.881   144 70 111
101  142.25  38.91  -108.182 -308.320  33.600  188.081  18.844  425.604   80 77 54
102  141.84  36.42  -148.741 -583.934  18.531  198.851  15.108  468.545   218 229 237
103  143.14  37.49  -31.854 -466.574  11.200  205.775  6.653   188.974   151 125 135
104  141.21  36.88  -204.137 -531.393  45.167  210.451  22.670  412.401   222 225 228
105  143.71  37.58   18.309 -456.164  7.777   208.004  3.783   173.171   142 32 31
106  142.62  37.12  -78.268 -507.100  13.976  209.359  8.322   195.211   168 146 68
107  143.93  39.33   36.650 -261.894  8.991   183.468  5.741   189.632   99 85 69
108  142.20  36.73  -116.350 -549.895  15.367  211.184  9.679   414.057   233 138 62
109  143.93  40.38   36.317 -145.000  10.861  185.973  6.638   338.532   196 210 211
11  144.14  40.38   54.164 -145.128  9.106   191.883  4.739   346.283   196 211 7
110  142.27  38.08  -107.464 -400.222  28.416  197.680  16.266  457.483   149 101 95
111  142.47  36.84  -91.689 -537.363  13.388  210.538  7.837   261.422   167 138 147
112  141.27  36.56  -199.527 -567.653  37.250  202.137  21.548  635.133   223 204 222
113  143.56  39.92   5.064  -196.244  13.178  186.533  7.968   452.343   130 83 208
114  142.08  36.03  -127.662 -627.134  12.216  193.959  7.975   395.505   216 234 170
115  143.39  38.13  -9.847  -395.109  11.327  188.295  6.079   264.289   133 124 90
116  141.00  36.45  -223.793 -579.097  44.154  204.551  20.483  256.660   223 198 230
117  142.94  38.92  -48.507 -307.632  18.529  194.761  10.407  373.712   121 97 110
118  142.20  39.06  -112.124 -291.783  35.483  183.534  18.264  414.813   77 53 54
119  141.14  37.70  -208.321 -440.221  63.528  197.382  26.404  363.376   175 174 173
12  142.47  36.60  -91.681 -564.185  11.381  215.516  6.308   335.896   202 147 233
120  142.52  40.16  -83.063 -170.042  35.294  195.089  19.063  260.974   190 106 191
121  143.12  37.60  -33.264 -453.447  11.971  203.322  6.462   217.485   151 126 125
122  141.06  35.96  -219.554 -632.702  36.532  194.603  19.309  468.052   231 219 172
123  141.18  36.43  -208.304 -581.851  38.298  203.374  21.372  314.405   204 223 230
124  141.97  39.43  -131.900 -249.858  45.089  192.870  23.273  334.651   186 105 212
125  142.41  36.28  -98.292 -600.149  9.974   198.356  5.184   144.521   203 215 235
126  143.14  40.52  -30.709 -130.152  22.886  192.923  13.640  416.989   194 207 195
127  142.08  35.89  -127.731 -643.031  11.359  209.470  8.944   358.446   236 216 170
128  141.84  36.98  -148.026 -521.957  25.483  207.735  18.095  333.803   96 78 61
129  143.40  40.75  -8.382  -103.946  19.095  194.571  12.536  536.067   207 206 1
13  142.91  38.64  -51.020 -338.499  17.913  186.706  10.474  274.036   118 110 111
130  144.21  40.50   60.279 -131.811  8.771   186.551  4.911   404.524   196 7 5
131  142.64  38.19  -75.643 -388.470  21.261  188.117  12.042  360.565   157 153 95
132  142.53  37.21  -85.786 -496.985  15.861  213.105  9.742   271.463   146 86 68
133  143.01  36.86  -43.664 -535.724  8.871   206.666  5.180   477.775   145 38 82
134  143.03  40.75  -39.316 -104.822  26.626  194.381  16.639  352.441   1 3 195
135  143.50  37.23   0.167  -495.355  7.555   208.505  3.691   185.865   81 34 33
136  141.94  38.84  -135.519 -315.493  43.196  187.921  22.368  337.205   55 54 183
137  142.11  36.58  -124.189 -565.996  14.932  217.235  9.815   383.983   233 62 237
138  141.93  37.73  -138.054 -438.446  34.075  197.390  18.797  458.435   92 74 87
139  141.22  36.02  -205.650 -627.120  32.323  194.786  19.237  355.080   219 199 172
14  141.87  39.63  -140.081 -227.004  51.267  196.362  25.876  328.272   187 12 212
140  142.52  39.73  -83.871 -217.365  31.481  197.745  17.359  384.956   209 188 108
141  142.61  39.30  -76.755 -265.020  26.090  193.352  14.055  278.279   131 75 98
142  143.60  38.71   9.038  -330.597  10.141  192.158  5.307   176.249   160 91 129
143  140.88  35.72  -236.863 -659.105  40.715  188.961  19.062  587.078   231 45 220
144  141.37  38.74  -184.763 -324.921  64.789  190.308  26.922  407.129   182 19 180
145  141.29  37.45  -195.686 -468.785  53.605  198.554  25.611  535.811   59 58 173
146  143.42  37.79  -7.182  -433.474  10.233  200.393  5.330   157.313   140 84 134
147  142.44  37.97  -92.976 -412.186  23.903  192.322  13.048  404.757   119 95 101
148  142.45  38.69  -91.303 -332.213  27.492  190.607  16.248  360.896   144 80 70
149  141.76  37.80  -153.425 -430.483  40.426  198.773  22.125  422.090   87 74 57
15  142.16  36.33  -120.478 -594.423  12.494  198.090  7.093   338.291   234 203 237
150  141.70  39.51  -154.762 -240.303  56.805  192.012  27.187  417.371   14 212 12
151  141.93  36.13  -141.260 -616.059  15.006  201.209  11.077  475.529   234 229 170
152  141.97  39.19  -132.427 -276.643  43.490  185.956  21.986  264.738   185 53 186
153  142.54  36.23  -86.674 -605.321  8.753   199.501  5.748   194.104   215 41 235
154  143.75  38.99   21.451 -299.770  9.785   192.612  5.670   254.626   165 128 137
155  143.73  39.44   19.465 -250.289  10.891  182.481  6.856   189.336   161 69 94
156  143.21  37.27  -25.843 -490.571  9.483   210.713  5.079   196.411   139 81 135
157  144.12  39.06   53.491 -292.203  7.333   187.880  3.914   132.170   76 18 16
158  142.99  37.65  -45.197 -448.287  13.630  203.761  7.871   294.097   156 125 126
159  140.79  37.17  -240.956 -498.856  67.525  209.563  24.311  613.643   226 227 224
16  142.56  36.12  -84.868 -617.463  7.875   214.823  7.107   339.895   41 215 42
160  142.60  38.94  -78.378 -305.513  25.065  190.233  14.286  410.878   144 97 77
161  142.35  39.62  -98.990 -229.738  34.929  196.049  17.744  455.211   188 105 108
162  141.52  39.17  -171.010 -277.584  61.561  188.952  26.935  451.419   14 17 184
163  143.20  39.79  -25.558 -211.219  18.043  187.266  11.457  372.936   130 66 109
164  143.08  39.28  -36.572 -267.176  18.145  195.979  8.794   313.485   132 123 65
165  142.61  38.03  -77.913 -405.596  20.982  195.529  12.146  369.715   157 95 119
166  141.65  35.53  -167.800 -681.777  16.880  193.286  15.919  585.496   201 200 49
167  141.92  37.56  -139.104 -457.015  32.163  203.567  19.539  440.779   92 87 71
168  143.62  38.31   10.100 -375.539  9.606   181.555  4.628   270.190   133 79 67
169  143.28  36.97  -19.252 -523.422  7.713   214.061  3.981   179.967   82 36 35
17  143.59  37.41   8.234  -474.632  7.792   209.873  3.977   219.373   73 33 32
170  143.79  37.93   25.322 -417.273  8.159   196.527  3.555   240.598   141 72 28
171  141.15  37.87  -206.313 -421.340  65.100  193.779  25.889  298.309   174 175 176
172  140.91  35.59  -234.755 -674.115  39.408  182.737  18.776  371.245   220 45 46
173  143.76  40.76   22.213 -103.195  13.636  197.465  8.480   364.008   221 2 206
174  143.20  39.94  -25.829 -194.145  18.611  189.642  11.523  407.888   130 104 66
175  143.55  39.77   3.935  -213.637  13.106  184.110  7.990   391.703   130 127 83
176  144.09  40.14   50.175 -172.165  8.964   192.509  4.662   410.271   211 197 9
177  141.26  36.18  -201.054 -609.390  32.364  194.999  19.228  450.946   172 199 204
178  143.81  38.14   27.095 -394.279  8.275   182.584  3.417   296.589   141 26 79
179  141.78  37.51  -152.082 -463.114  35.755  198.474  21.355  225.668   71 87 213
18  142.80  37.01  -62.086 -518.977  11.318  208.688  6.889   207.111   168 145 116
180  143.37  40.17  -10.843 -169.136  16.702  190.705  10.677  365.320   205 104 208
181  143.92  39.54   35.987 -238.632  9.188   182.555  5.810   212.422   100 94 85
182  141.63  37.17  -165.778 -500.653  35.317  203.693  22.639  382.217   88 60 78
183  141.92  38.08  -138.936 -399.791  38.422  196.452  20.935  521.303   149 103 74
184  141.23  38.64  -197.526 -335.797  70.142  190.615  26.770  412.301   19 22 180
185  143.90  39.91   34.120 -197.321  9.765   191.947  5.423   358.810   197 83 51
186  142.44  36.96  -94.024 -524.111  14.649  213.169  8.170   251.733   167 68 138
187  143.59  38.59   7.906  -344.066  10.025  188.684  5.288   255.105   160 129 67
188  141.81  36.71  -151.000 -551.557  22.427  204.915  16.604  449.301   218 62 61
189  142.98  37.21  -46.191 -496.985  10.996  211.788  6.589   190.224   139 115 116
19  143.72  38.39   19.602 -366.110  8.891   184.094  4.402   251.876   93 67 79
190  142.34  37.42  -102.250 -473.123  20.896  203.385  12.631  251.666   86 114 214
191  141.14  35.51  -214.239 -683.113  32.185  183.493  19.233  366.411   220 46 48
192  142.67  40.11  -70.460 -175.217  30.975  192.630  16.588  283.854   106 107 191
193  141.53  38.53  -171.625 -349.440  56.454  191.560  25.201  364.599   181 180 179
194  140.97  37.65  -223.207 -445.552  69.849  197.055  26.693  432.351   174 30 173
195  143.10  39.14  -34.686 -283.428  17.138  197.383  8.876   347.123   123 121 65
196  143.68  39.66   15.505 -225.268  11.489  179.641  7.304   327.775   127 94 83
197  144.05  39.73   47.391 -217.492  8.276   186.176  4.742   113.864   100 52 51
198  143.89  40.24   33.409 -160.999  10.813  197.231  6.508   367.121   210 197 211
199  143.31  38.97  -16.634 -301.576  13.914  196.522  7.702   241.734   163 121 122
2  142.31  38.60  -104.041 -342.680  30.716  188.299  16.848  366.803   154 70 80
20  143.87  38.03   32.294 -405.786  7.893   188.797  3.627   219.808   141 28 26
200  143.36  39.56  -11.893 -236.011  15.291  186.738  9.087   304.786   162 127 109
201  141.00  38.07  -219.681 -399.438  74.481  192.815  27.767  411.206   25 27 176
202  141.19  37.15  -205.492 -500.974  52.357  204.886  26.130  359.366   225 59 227
203  143.61  40.51   9.718  -130.775  14.763  186.492  9.802   424.574   210 221 207
204  143.47  37.33  -2.869  -483.600  8.132   211.655  3.943   306.248   81 33 73
205  140.61  36.13  -259.805 -613.528  52.152  191.423  18.859  494.292   169 40 43
206  141.40  38.42  -183.566 -361.419  60.856  191.316  25.316  372.365   180 178 179
207  142.40  35.89  -98.831 -643.303  7.810   206.417  7.514   395.502   216 44 42
208  141.92  38.97  -137.153 -300.996  44.513  184.330  21.910  258.664   183 54 185
209  143.74  40.00   20.075 -188.153  11.461  194.382  6.705   446.158   197 208 83
21  143.28  37.47  -19.181 -468.637  9.927   209.134  5.280   197.135   151 135 73
210  142.75  40.34  -63.348 -150.256  30.642  194.910  17.199  321.501   191 194 192
211  142.42  37.84  -95.215 -426.976  23.443  201.389  13.337  293.802   120 119 101
212  141.76  39.39  -150.094 -254.330  53.049  190.949  26.828  406.180   14 186 212
213  142.74  36.53  -67.791 -572.174  9.002   219.977  5.171   287.139   202 39 148
214  141.69  39.24  -156.264 -270.015  54.763  188.977  26.916  460.709   186 14 184
215  143.19  37.15  -27.305 -504.135  8.962   211.996  5.162   229.250   139 82 81
216  143.83  38.59   28.952 -344.366  8.329   186.651  4.127   194.854   166 160 93
217  142.42  40.35  -91.638 -148.462  40.143  195.130  20.464  370.684   190 192 6
218  140.70  35.82  -253.073 -647.971  47.123  191.161  20.336  569.025   43 45 231
219  142.46  37.64  -91.863 -448.863  20.969  204.435  11.931  179.070   120 114 64
22  142.78  37.83  -63.017 -428.849  17.153  198.793  10.161  322.884   156 113 119
220  143.73  40.18   19.430 -167.996  12.146  195.451  6.731   452.229   208 197 210
221  142.90  38.03  -52.299 -406.606  16.353  194.357  9.088   213.513   158 157 113
222  141.37  38.91  -184.931 -306.563  66.374  188.306  26.702  408.571   17 19 182
223  142.64  38.49  -75.006 -355.232  22.387  189.899  13.532  336.936   153 111 70
224  141.83  38.58  -145.785 -343.719  45.728  190.208  23.230  385.607   56 55 181
225  141.78  39.02  -148.721 -295.550  49.657  186.729  24.441  243.722   183 185 184
226  141.75  36.10  -157.099 -619.414  18.267  190.479  14.931  402.112   229 171 170
227  142.13  38.65  -118.836 -337.226  35.876  190.116  19.963  380.244   154 80 55
228  142.53  37.75  -85.839 -436.464  20.711  197.857  12.006  214.047   120 64 119
229  143.58  37.53   7.384  -461.918  8.252   206.482  3.856   255.997   142 73 32
23  143.65  37.89   13.568 -421.632  8.855   192.099  4.224   207.027   141 140 72
230  143.09  38.83  -35.706 -317.351  15.963  191.869  9.332   339.633   121 110 89
231  142.72  39.53  -67.377 -239.359  25.500  196.692  14.067  356.785   136 108 75
232  141.17  36.28  -208.990 -597.639  36.353  198.813  20.976  336.915   230 172 204
233  142.31  38.22  -104.003 -384.412  28.520  188.450  16.299  359.917   155 149 95
234  142.95  40.52  -46.844 -130.259  27.025  192.569  16.516  265.140   193 194 195
235  142.88  37.44  -54.902 -472.128  13.518  205.125  8.172   293.779   125 102 115
236  143.94  39.12   37.668 -284.768  8.627   187.368  5.063   192.550   165 76 99
237  143.57  40.68   6.329  -112.547  15.815  190.300  10.022  433.039   206 207 221
238  141.44  37.74  -181.292 -436.638  51.476  195.194  25.937  466.767   58 57 175
239  142.22  36.47  -114.812 -579.196  12.633  210.606  7.204   333.726   233 237 203
24  142.26  37.30  -109.829 -486.803  20.952  211.770  12.618  320.045   214 63 86
240  143.11  38.27  -34.112 -379.727  14.398  183.208  7.936   241.520   152 124 143
241  141.58  37.45  -169.862 -469.051  42.043  199.653  24.612  219.985   213 58 88
242  143.90  40.65   33.597 -115.816  11.726  191.901  6.796   364.380   221 196 2
243  143.43  37.89  -6.134  -421.364  10.468  193.890  5.173   164.666   140 90 84
244  141.26  35.71  -202.991 -660.993  29.003  188.575  19.169  408.941   200 219 220
245  143.93  39.77   36.575 -213.392  9.282   186.899  5.282   280.449   100 51 83
246  142.10  37.82  -123.416 -428.585  30.510  200.150  18.084  455.279   101 74 92
247  141.53  36.89  -175.760 -531.062  33.946  203.572  23.150  506.031   222 61 60
248  143.50  39.50  -0.391  -243.752  13.470  182.246  7.800   222.061   162 161 127
249  143.43  37.13  -6.011  -506.016  7.561   210.966  3.704   170.377   81 35 34
25  142.84  37.56  -58.006 -458.160  14.722  202.843  7.936   308.937   156 102 125
250  143.06  38.69  -38.081 -332.621  15.840  191.300  9.329   270.428   118 89 110
251  143.16  38.49  -29.311 -354.890  14.069  188.025  7.861   217.381   143 112 118
252  140.83  36.85  -237.701 -533.692  57.517  213.248  25.943  507.877   226 232 228
253  141.64  37.56  -164.681 -457.069  41.643  199.456  24.620  225.883   213 87 58
254  141.76  35.81  -156.888 -651.082  15.837  198.917  13.737  538.613   217 201 170
255  142.68  39.98  -70.022 -189.879  29.756  195.561  16.971  356.415   209 107 106
256  143.25  39.09  -21.526 -288.758  15.050  196.976  7.749   261.958   163 65 121
257  140.75  36.59  -246.125 -562.785  54.084  202.670  20.483  419.148   198 232 37
258  142.24  37.53  -111.574 -460.666  24.168  206.740  14.032  296.428   214 114 92
259  144.07  39.53   48.822 -239.889  8.058   183.820  4.318   243.193   100 85 13
26  142.76  37.13  -65.600 -506.394  12.510  212.732  7.547   184.487   168 116 146
260  141.56  38.20  -169.849 -386.093  52.145  192.733  23.968  429.318   179 177 103
261  142.72  36.39  -69.630 -588.126  8.201   220.040  5.175   397.415   39 202 41
262  142.59  36.34  -81.395 -593.861  8.767   210.629  5.716   219.917   41 202 235
263  144.14  39.78   55.176 -211.673  7.756   191.753  4.051   126.385   52 11 51
264  141.66  38.79  -160.119 -320.829  53.422  188.485  25.081  326.111   181 183 182
265  141.68  35.96  -164.164 -633.998  18.995  201.801  14.266  382.289   171 217 170
266  143.47  38.98  -2.818  -301.258  12.245  199.773  6.747   186.653   163 122 128
267  143.72  39.22   18.607 -273.919  10.678  188.570  6.455   262.170   165 69 164
268  143.85  39.44   30.511 -250.280  9.679   183.555  5.748   210.601   94 69 85
269  142.77  38.71  -63.878 -330.614  20.774  190.985  12.545  322.232   144 111 110
27  141.16  36.73  -209.232 -548.044  43.939  203.793  22.537  506.993   222 228 223
270  142.80  40.45  -59.070 -137.959  30.189  190.414  17.086  312.460   194 193 192
271  142.18  39.67  -113.215 -223.974  40.374  198.280  21.641  414.362   187 105 188
272  142.38  36.74  -99.865 -549.338  13.326  220.037  7.841   368.665   233 147 138
273  142.50  39.18  -86.395 -278.426  27.963  186.703  14.863  330.876   131 98 77
274  144.06  38.70   48.566 -332.233  7.185   189.207  3.285   133.981   166 21 20
275  142.02  39.58  -127.047 -233.690  44.706  194.485  23.354  346.228   187 212 105
276  141.62  36.39  -168.752 -587.190  24.009  193.900  17.774  620.523   204 229 218
277  142.67  37.74  -73.060 -437.839  18.299  200.703  9.998   255.919   156 119 64
278  141.28  37.97  -195.114 -410.543  61.027  193.399  26.079  364.127   175 177 176
279  140.89  37.01  -231.935 -516.283  59.709  212.039  25.875  636.357   228 227 226
28  143.03  39.71  -39.969 -219.862  20.626  189.327  10.985  367.976   136 109 66
280  141.41  35.78  -188.872 -653.727  24.598  189.665  18.838  398.115   217 219 200
281  142.94  39.06  -48.157 -291.758  19.049  188.410  10.237  369.405   123 97 121
282  142.10  38.79  -121.427 -320.620  37.633  185.984  19.465  370.337   80 54 55
283  142.20  39.83  -111.437 -205.790  41.805  195.734  21.182  362.272   187 188 189
284  140.68  36.79  -251.761 -540.741  60.948  218.897  24.782  486.835   226 37 232
285  140.98  36.71  -225.064 -549.851  49.188  209.509  19.579  343.015   223 228 232
286  142.23  40.14  -108.370 -171.811  44.209  195.185  21.822  372.701   189 190 8
287  142.40  36.48  -98.790 -577.942  11.124  216.433  6.321   311.713   202 233 203
288  141.98  37.08  -135.054 -510.770  23.661  211.999  17.623  359.988   96 63 78
289  143.21  39.50  -25.031 -243.402  17.197  187.969  8.843   317.745   162 109 132
29  142.66  40.54  -71.323 -127.859  34.759  194.324  18.877  279.757   193 4 192
290  143.25  40.41  -21.577 -141.708  20.206  190.557  13.127  485.707   194 205 207
291  144.10  38.94   52.311 -305.231  7.280   189.265  3.892   132.166   76 20 18
292  142.38  39.46  -96.780 -246.851  32.761  195.576  17.659  442.727   108 105 98
293  142.84  37.22  -58.367 -496.352  12.356  208.496  7.579   230.922   146 116 115
294  143.18  40.26  -27.030 -158.794  20.562  195.356  13.131  436.599   205 194 104
295  142.91  39.34  -50.768 -260.808  20.839  197.773  10.993  317.362   132 75 123
296  143.21  40.68  -24.183 -112.622  22.210  190.777  13.640  415.712   207 1 195
297  143.71  37.70   18.878 -443.328  8.064   197.661  3.627   183.192   142 31 72
298  140.74  35.99  -248.595 -629.232  47.022  194.572  20.363  431.329   43 231 169
299  140.94  37.34  -227.003 -480.191  65.429  201.508  24.818  642.249   173 224 227
3  142.73  40.66  -64.715 -114.356  33.652  193.033  18.940  293.083   3 4 193
30  142.09  38.00  -123.449 -408.408  32.412  194.114  17.479  500.124   149 74 101
300  143.07  37.30  -37.827 -487.090  10.729  208.131  6.658   187.180   139 135 115
301  143.51  37.72   0.554  -440.477  9.402   197.657  4.622   183.549   142 140 134
302  143.41  38.44  -7.674  -360.739  11.385  186.307  5.925   213.831   150 67 112
303  143.83  38.72   28.743 -329.575  8.525   192.300  4.189   228.792   166 137 160
304  142.57  39.43  -80.108 -250.663  27.813  195.125  14.310  362.220   108 98 75
305  141.09  37.02  -214.202 -515.792  52.608  212.682  25.485  354.464   228 225 227
306  142.52  39.88  -84.175 -200.787  33.035  195.380  17.016  369.416   209 106 188
307  143.28  38.05  -19.552 -404.513  12.180  189.903  5.942   244.912   159 90 124
308  142.24  40.28  -106.986 -155.474  45.226  192.315  21.590  342.992   6 8 190
309  142.56  37.56  -82.899 -458.628  18.593  200.901  10.652  246.023   114 102 64
31  141.83  35.43  -151.361 -693.155  12.172  188.894  12.596  506.816   201 49 50
310  142.26  35.81  -112.149 -651.539  8.827   210.318  7.214   326.561   44 216 236
311  143.39  39.17  -9.350  -279.774  13.819  196.806  7.766   245.563   164 65 163
312  141.74  37.97  -154.274 -412.004  42.871  194.745  21.471  463.017   103 57 74
313  143.97  38.77   40.856 -323.774  7.797   195.262  3.889   291.055   166 20 137
314  143.37  38.25  -11.701 -382.478  11.646  181.788  5.910   215.483   150 124 133
315  142.04  39.88  -124.804 -199.590  47.828  197.296  23.569  406.611   187 189 10
316  141.99  38.54  -131.291 -349.156  39.663  188.863  20.328  395.031   154 55 56
317  144.09  39.99   50.241 -188.330  8.601   198.438  4.762   442.076   9 197 51
318  141.25  38.47  -196.598 -354.626  67.811  191.982  26.968  422.851   180 22 178
319  143.33  38.65  -14.487 -338.025  12.440  190.189  6.699   238.733   129 89 112
32  142.85  38.34  -56.704 -372.025  18.123  184.276  10.663  227.671   153 152 117
320  141.02  37.91  -218.319 -416.232  71.693  194.436  28.222  315.039   174 176 27
321  144.11  39.62   52.593 -229.812  7.805   180.843  4.466   155.890   100 13 52
322  142.46  36.38  -93.013 -588.689  9.989   211.504  5.279   166.824   203 235 202
323  141.90  36.84  -142.323 -537.307  21.803  203.121  16.689  333.856   96 61 62
324  141.27  38.14  -195.132 -392.099  63.081  192.860  25.966  367.728   178 176 177
325  143.27  38.42  -20.347 -363.129  12.786  183.229  7.037   180.393   150 112 143
326  143.51  39.36   0.532  -258.411  13.136  189.248  7.905   237.280   164 161 162
327  141.71  38.31  -156.769 -373.869  47.764  193.708  23.610  426.957   103 56 179
328  142.77  37.34  -64.223 -483.203  13.952  210.776  8.020   290.813   146 115 102
329  142.37  40.07  -95.964 -178.892  38.954  193.212  19.768  312.596   189 106 190
33  142.36  39.93  -97.515 -194.975  37.915  197.756  20.455  341.854   188 106 189
330  141.67  37.01  -162.545 -517.607  31.150  204.782  22.946  405.331   78 60 61
331  143.49  40.41  -0.622  -142.167  16.116  194.323  9.137   434.768   210 207 205
332  143.94  38.53   38.784 -351.216  7.657   182.303  3.292   193.574   166 93 23
333  141.46  37.38  -180.872 -476.436  45.781  198.418  25.131  412.527   88 58 59
334  141.52  39.00  -171.727 -296.797  60.476  188.017  26.876  382.348   184 17 182
335  143.08  37.87  -37.059 -424.491  13.659  196.000  7.595   267.171   159 113 126
336  143.04  37.41  -40.683 -475.383  11.655  207.500  6.585   230.094   135 125 115
337  143.50  38.79   0.023  -322.246  11.233  196.225  6.239   179.219   129 91 122
338  143.86  37.85   31.389 -426.370  7.661   193.230  3.261   139.709   72 29 28
339  142.03  39.07  -127.003 -289.586  40.833  184.925  21.723  271.466   54 53 185
34  143.97  38.41   41.126 -364.289  7.503   180.581  3.290   181.281   93 24 23
340  142.51  37.44  -87.418 -471.342  18.326  209.063  10.846  319.358   114 86 102
341  143.55  37.96   4.277  -414.475  9.729   195.467  5.021   238.989   141 90 140
342  142.70  39.68  -68.931 -223.175  27.000  195.776  13.961  385.006   209 108 136
343  143.07  38.17  -37.766 -391.030  14.703  191.731  7.694   209.449   158 124 152
344  143.54  38.08   3.590  -400.578  9.997   185.118  4.770   260.210   141 133 90
345  141.13  38.19  -207.692 -386.102  69.942  193.338  27.536  395.434   178 25 176
346  142.35  37.19  -101.807 -498.877  18.251  207.592  11.025  349.653   86 63 68
347  141.43  37.92  -182.326 -417.013  54.290  193.201  25.574  426.555   175 57 177
348  141.38  35.92  -191.231 -638.033  26.507  194.680  19.116  333.113   217 199 219
349  141.52  38.69  -171.893 -331.770  58.056  189.040  24.793  348.469   182 180 181
35  143.81  37.74   27.618 -438.531  7.658   201.722  3.291   137.191   72 31 29
350  141.58  36.23  -172.583 -604.609  23.747  196.574  17.767  455.798   204 171 229
351  143.04  37.98  -40.411 -411.852  14.499  192.139  7.333   192.952   159 158 113
352  143.31  37.94  -16.525 -416.872  11.589  195.326  6.239   173.343   159 84 90
353  142.50  38.27  -87.245 -379.250  24.286  193.152  14.087  322.068   155 95 153
354  143.28  37.75  -19.025 -437.149  11.240  196.279  5.978   187.840   134 84 126
355  143.35  37.57  -13.166 -457.589  9.892   204.394  5.294   188.669   151 73 134
356  141.77  37.28  -153.792 -488.263  32.821  203.768  22.626  389.729   88 78 71
357  142.79  39.13  -61.712 -284.014  21.874  191.620  11.799  270.689   131 97 123
358  142.61  39.07  -76.699 -290.385  25.153  184.363  14.281  327.236   131 77 97
359  142.28  36.24  -109.735 -604.629  10.970  192.805  6.020   264.441   215 203 234
36  142.43  38.85  -92.853 -314.459  28.619  185.263  15.889  433.505   144 77 80
360  143.45  38.55  -4.121  -348.671  11.145  185.448  5.948   259.840   129 112 67
361  143.72  38.78   19.314 -323.532  9.377   194.117  5.100   197.953   160 137 91
362  141.69  38.47  -158.214 -355.555  50.044  190.574  23.094  404.556   181 179 56
363  143.84  39.67   28.943 -224.454  9.942   181.153  5.717   282.061   100 83 94
364  141.48  35.46  -183.180 -689.996  21.219  183.827  19.308  429.592   48 49 200
365  142.51  38.41  -86.715 -363.697  24.880  188.276  13.899  313.047   155 153 70
366  142.40  36.04  -99.142 -626.940  8.820   207.071  7.563   318.019   216 42 215
367  143.22  37.84  -24.999 -426.901  12.161  197.445  6.124   195.343   159 126 84
368  141.66  38.94  -159.785 -304.214  54.258  186.164  24.805  309.852   184 182 183
369  143.05  37.11  -40.351 -508.225  9.850   207.279  5.766   209.302   139 116 82
37  142.30  37.04  -106.275 -514.975  17.372  213.776  11.307  411.589   138 68 63
370  143.65  39.33   12.847 -262.111  11.522  188.619  6.460   214.037   164 69 161
371  144.20  39.67   60.378 -223.993  7.286   186.865  3.628   173.202   52 13 11
372  141.95  37.23  -137.587 -494.030  26.832  206.925  16.543  472.831   78 63 71
373  142.47  40.49  -87.118 -132.670  39.890  192.221  20.309  418.821   4 6 192
374  143.25  37.66  -22.067 -447.707  11.122  207.164  6.100   195.568   151 134 126
375  142.63  36.62  -77.580 -562.243  10.322  220.292  5.717   263.383   202 148 147
376  142.58  37.02  -82.038 -518.128  13.643  210.948  8.383   160.912   168 68 167
377  143.86  39.22   31.364 -273.711  9.359   190.743  5.410   202.263   165 99 69
378  141.91  36.57  -141.863 -567.160  18.315  200.743  15.066  439.528   218 237 62
379  143.19  38.61  -27.003 -341.854  13.963  185.539  7.894   244.235   118 112 89
38  142.90  40.65  -50.698 -115.361  29.159  193.861  16.727  236.052   193 195 3
380  142.79  38.45  -62.097 -359.967  19.399  187.856  11.036  243.252   153 117 111
381  143.51  39.09   1.217  -288.316  12.222  193.790  6.813   226.735   164 163 128
382  142.65  36.85  -76.157 -537.365  11.659  213.754  7.082   236.107   167 147 145
383  142.83  40.23  -57.055 -162.518  27.906  192.630  16.588  362.223   191 107 194
384  142.05  39.33  -124.581 -261.623  41.216  189.233  21.611  405.848   186 53 105
385  142.89  36.74  -54.549 -548.989  9.187   208.907  5.131   349.047   148 38 145
386  141.80  38.74  -147.421 -326.662  47.504  186.903  22.769  349.733   181 55 183
387  141.35  37.12  -191.293 -505.394  45.207  205.122  25.620  342.601   59 225 60
388  142.86  39.77  -54.760 -212.768  24.211  193.721  14.376  372.631   209 136 66
389  143.02  40.01  -41.028 -186.070  22.394  193.487  14.337  392.904   107 66 104
39  142.27  35.65  -111.553 -669.297  7.691   207.488  7.075   385.522   47 44 236
390  144.14  39.43   55.171 -251.312  7.514   184.767  4.356   191.733   85 15 13
391  143.63  39.53   11.503 -239.454  11.948  184.582  7.098   208.971   161 94 127
392  142.05  40.05  -123.287 -181.694  49.192  192.863  22.872  428.748   8 10 189
393  141.47  37.21  -180.259 -494.871  42.388  202.974  26.150  386.279   88 59 60
394  143.24  38.30  -22.555 -376.108  12.919  186.456  6.992   204.226   150 143 124
395  142.34  38.46  -101.413 -357.798  29.163  190.981  17.147  292.406   155 70 154
396  141.07  35.80  -219.254 -650.882  35.122  188.602  19.192  385.981   220 219 231
397  142.89  39.48  -52.355 -245.208  21.959  194.421  10.735  337.868   136 75 132
398  141.48  36.55  -180.793 -568.521  30.269  202.145  21.541  742.850   218 222 204
399  142.96  37.78  -47.505 -434.143  14.601  198.169  7.439   299.096   156 126 113
4  144.21  39.90   60.482 -198.582  7.599   193.572  4.047   269.006   51 11 9
40  141.28  37.62  -196.088 -449.050  56.641  196.823  25.302  545.307   175 173 58
400  140.86  37.50  -233.491 -462.150  71.620  204.274  26.193  604.689   30 224 173
401  142.80  38.23  -61.045 -384.111  18.558  192.991  10.288  298.667   157 152 153
402  141.41  38.25  -183.237 -379.759  58.828  193.389  25.721  375.907   179 178 177
403  141.61  35.70  -170.583 -662.729  18.628  186.839  15.660  471.274   217 200 201
404  143.30  37.09  -17.999 -511.070  8.075   209.643  3.784   288.944   82 35 81
405  142.09  36.85  -125.348 -536.809  18.127  215.634  11.731  354.709   138 96 62
406  143.48  38.34  -1.678  -372.420  10.673  183.537  5.730   221.579   150 133 67
407  143.04  38.46  -40.567 -358.644  15.630  184.890  8.729   183.908   143 118 117
408  143.62  37.77   10.894 -435.524  8.763   200.367  4.316   173.975   142 72 140
409  143.65  39.11   13.208 -286.410  10.964  196.487  6.186   258.077   165 164 128
41  141.72  37.40  -157.263 -475.096  36.154  199.316  21.321  219.764   88 71 213
410  141.98  36.29  -136.733 -597.998  15.008  185.853  11.193  406.638   234 237 229
411  143.22  39.36  -24.073 -258.860  16.588  193.997  9.051   301.944   162 132 65
412  140.90  36.23  -233.699 -603.091  44.450  198.759  20.411  408.639   169 172 198
413  142.08  35.62  -128.926 -672.716  9.692   198.388  8.235   480.085   47 236 201
414  143.04  39.56  -39.117 -236.118  19.874  192.122  11.115  340.467   136 132 109
415  140.71  36.28  -250.209 -596.579  50.565  199.756  17.752  444.325   198 40 169
416  142.21  38.34  -112.407 -370.777  31.707  191.378  17.075  362.339   155 154 149
417  144.06  39.14   48.564 -283.016  7.779   190.140  4.124   178.123   99 76 16
418  143.55  40.25   4.286  -159.607  14.539  198.495  9.486   409.938   208 210 205
42  142.91  38.52  -51.199 -351.486  17.597  190.555  10.561  200.834   118 111 117
43  141.14  37.32  -209.272 -482.800  57.362  201.520  24.792  505.528   173 227 59
44  143.87  38.34   32.505 -371.757  8.002   179.897  3.337   239.927   93 79 24
45  143.38  39.29  -10.012 -266.129  14.349  191.693  7.584   307.925   164 162 65
46  143.37  40.02  -10.711 -185.616  16.027  193.221  10.758  416.608   130 208 104
47  142.25  36.10  -112.391 -619.278  10.694  206.074  6.405   307.029   216 215 234
48  143.32  37.36  -16.025 -480.927  9.137   208.175  5.169   265.162   135 81 73
49  143.88  39.00   33.154 -298.336  8.768   195.743  4.866   234.582   165 137 76
5  143.71  38.52   18.392 -351.792  9.065   184.286  4.404   248.285   160 67 93
50  143.54  38.89   3.697  -310.488  11.211  196.603  6.235   176.788   128 122 91
51  140.92  36.06  -232.684 -622.186  42.025  195.233  20.052  374.972   231 172 169
52  144.13  39.24   54.084 -271.733  7.477   183.616  4.288   169.293   99 16 15
53  141.60  36.72  -169.918 -549.662  28.902  199.199  21.831  558.788   218 61 222
54  142.77  38.85  -63.740 -315.016  21.267  186.575  12.432  345.412   144 110 97
55  142.70  37.61  -70.358 -453.005  16.838  203.213  10.263  252.935   156 64 102
56  142.33  39.18  -101.481 -278.049  32.414  186.168  17.757  425.845   98 53 77
57  143.68  38.89   15.975 -310.905  10.009  199.520  5.436   193.977   137 128 91
58  142.92  38.14  -51.155 -393.890  16.566  187.747  9.002   201.080   158 152 157
59  141.37  36.94  -190.027 -524.631  40.931  203.276  25.172  411.194   222 60 225
6  142.78  39.26  -62.436 -269.317  22.657  192.203  11.831  268.265   131 123 75
60  141.50  36.00  -180.218 -629.952  23.696  198.551  18.297  272.469   171 199 217
61  142.24  39.33  -108.513 -260.832  35.490  189.943  18.530  430.724   105 53 98
62  144.24  40.23   62.936 -161.900  8.115   191.493  4.721   416.889   211 9 7
63  143.37  39.71  -11.569 -220.084  15.386  180.289  9.100   346.743   130 109 127
64  142.77  37.96  -64.459 -413.953  18.066  190.965  9.648   325.684   157 119 113
65  143.65  38.17   13.514 -391.066  9.248   185.498  4.737   267.776   141 79 133
66  141.11  38.36  -208.829 -366.969  72.643  191.561  27.167  430.273   22 25 178
67  142.25  37.76  -109.670 -435.189  26.054  198.708  13.883  311.787   120 101 92
68  143.01  40.18  -42.096 -167.200  23.669  191.105  14.159  487.093   107 104 194
69  142.71  36.76  -70.231 -547.399  10.538  207.439  5.523   261.649   148 145 147
7  143.47  37.60  -2.387  -454.035  9.178   208.294  4.839   214.929   142 134 73
70  141.00  36.30  -224.479 -594.885  42.209  199.379  20.251  278.302   230 198 172
71  141.87  39.78  -139.617 -211.088  52.957  193.078  25.214  422.346   10 12 187
72  143.82  40.50   27.389 -132.726  12.097  188.527  6.910   333.037   210 196 221
73  142.14  37.00  -120.691 -520.058  19.252  212.261  11.524  389.207   138 63 96
74  142.56  40.28  -80.120 -155.948  35.465  192.367  18.813  245.756   190 191 192
75  142.95  37.00  -49.013 -520.176  10.018  210.958  5.774   307.491   145 82 116
76  143.92  38.23   36.583 -384.400  7.742   183.538  3.376   207.417   79 26 24
77  141.44  36.16  -185.464 -611.889  27.067  195.956  17.918  352.502   204 199 171
78  140.89  37.79  -229.437 -429.745  75.291  198.218  27.237  344.225   27 30 174
79  141.81  39.15  -145.917 -280.563  49.077  184.870  24.390  252.406   186 184 185
8  143.25  38.87  -21.617 -313.629  14.059  198.725  7.660   293.345   122 121 89
80  142.30  37.64  -105.705 -449.119  23.974  199.972  14.117  269.163   120 92 114
81  143.01  38.35  -43.161 -370.502  15.825  187.764  8.674   179.882   152 143 117
82  144.08  40.66   48.641 -114.775  10.155  195.899  5.766   413.766   196 5 2
83  142.85  39.92  -55.548 -196.051  25.411  193.428  14.350  389.634   209 66 107
84  142.07  37.49  -126.608 -465.631  27.370  200.565  15.972  369.483   214 92 71
85  142.69  36.95  -71.995 -525.877  11.966  208.879  6.876   172.614   168 167 145
86  144.06  39.33   48.474 -261.668  7.957   184.814  4.354   205.368   99 15 85
87  141.57  38.03  -168.957 -404.902  49.662  195.849  24.527  434.343   57 103 177
88  140.64  36.46  -256.248 -576.805  55.234  207.232  19.798  612.381   198 37 40
89  143.14  38.07  -31.377 -401.903  13.592  190.026  7.501   207.170   159 124 158
9  141.61  37.68  -167.073 -443.006  44.402  194.703  23.365  433.894   87 57 58
90  142.91  36.60  -52.468 -564.422  8.283   213.456  5.478   314.969   148 39 38
91  143.37  38.76  -11.475 -325.069  12.412  194.012  6.665   235.992   129 122 89
92  144.03  38.58   46.285 -344.883  7.242   182.409  3.281   133.980   166 23 21
93  143.99  38.90   42.870 -309.612  7.867   189.196  3.899   293.672   137 20 76
94  141.29  35.56  -200.084 -678.215  27.373  183.675  19.167  450.280   220 48 200
95  141.95  35.78  -139.948 -655.210  12.237  204.211  9.258   424.778   236 170 201
96  142.04  35.48  -132.884 -688.356  9.266   210.462  8.262   531.597   201 50 47
97  142.61  37.33  -78.975 -483.129  15.991  205.477  9.646   315.437   146 102 86
98  140.92  36.56  -230.848 -566.707  48.355  203.559  19.822  357.982   198 223 232
99  142.04  38.37  -127.491 -367.588  37.047  191.223  20.693  463.879   154 56 149
