    25     25 -500000.000000 500000.000000 -1000000.000000     0.000000
  -7.154083e-03  -7.676899e-03  -8.165453e-03  -8.589840e-03  -8.916708e-03  -9.113906e-03  -9.157387e-03  -9.041761e-03  -8.789399e-03  -8.454669e-03  -8.118404e-03  -7.869107e-03  -7.777144e-03  -7.869107e-03  -8.118404e-03  -8.454669e-03  -8.789399e-03  -9.041761e-03  -9.157387e-03  -9.113906e-03  -8.916708e-03  -8.589840e-03  -8.165453e-03  -7.676899e-03  -7.154083e-03
  -7.829775e-03  -8.522974e-03  -9.201442e-03  -9.827258e-03  -1.035341e-02  -1.072745e-02  -1.090207e-02  -1.085064e-02  -1.058451e-02  -1.016829e-02  -9.716316e-03  -9.367371e-03  -9.236066e-03  -9.367371e-03  -9.716316e-03  -1.016829e-02  -1.058451e-02  -1.085064e-02  -1.090207e-02  -1.072745e-02  -1.035341e-02  -9.827258e-03  -9.201442e-03  -8.522974e-03  -7.829775e-03
  -8.500838e-03  -9.403401e-03  -1.032783e-02  -1.123030e-02  -1.204843e-02  -1.270402e-02  -1.311239e-02  -1.320590e-02  -1.296591e-02  -1.245735e-02  -1.184070e-02  -1.133663e-02  -1.114220e-02  -1.133663e-02  -1.184070e-02  -1.245735e-02  -1.296591e-02  -1.320590e-02  -1.311239e-02  -1.270402e-02  -1.204843e-02  -1.123030e-02  -1.032783e-02  -9.403401e-03  -8.500838e-03
  -9.122525e-03  -1.027261e-02  -1.150523e-02  -1.277662e-02  -1.401337e-02  -1.510747e-02  -1.592126e-02  -1.631446e-02  -1.619709e-02  -1.560466e-02  -1.475101e-02  -1.399684e-02  -1.369553e-02  -1.399684e-02  -1.475101e-02  -1.560466e-02  -1.619709e-02  -1.631446e-02  -1.592126e-02  -1.510747e-02  -1.401337e-02  -1.277662e-02  -1.150523e-02  -1.027261e-02  -9.122525e-03
  -9.630812e-03  -1.105782e-02  -1.265797e-02  -1.440196e-02  -1.621864e-02  -1.797715e-02  -1.947591e-02  -2.045850e-02  -2.068589e-02  -2.008070e-02  -1.889182e-02  -1.771288e-02  -1.721967e-02  -1.771288e-02  -1.889182e-02  -2.008070e-02  -2.068589e-02  -2.045850e-02  -1.947591e-02  -1.797715e-02  -1.621864e-02  -1.440196e-02  -1.265797e-02  -1.105782e-02  -9.630812e-03
  -9.941145e-03  -1.165241e-02  -1.366076e-02  -1.597388e-02  -1.855363e-02  -2.127855e-02  -2.389675e-02  -2.599757e-02  -2.706286e-02  -2.670389e-02  -2.506951e-02  -2.313154e-02  -2.226209e-02  -2.313154e-02  -2.506951e-02  -2.670389e-02  -2.706286e-02  -2.599757e-02  -2.389675e-02  -2.127855e-02  -1.855363e-02  -1.597388e-02  -1.366076e-02  -1.165241e-02  -9.941145e-03
  -9.950680e-03  -1.191526e-02  -1.432686e-02  -1.726193e-02  -2.076818e-02  -2.480906e-02  -2.916687e-02  -3.330331e-02  -3.627265e-02  -3.694280e-02  -3.486919e-02  -3.148957e-02  -2.980356e-02  -3.148957e-02  -3.486919e-02  -3.694280e-02  -3.627265e-02  -3.330331e-02  -2.916687e-02  -2.480906e-02  -2.076818e-02  -1.726193e-02  -1.432686e-02  -1.191526e-02  -9.950680e-03
  -9.549936e-03  -1.168080e-02  -1.441167e-02  -1.791975e-02  -2.240607e-02  -2.805101e-02  -3.488316e-02  -4.249050e-02  -4.954364e-02  -5.348513e-02  -5.170944e-02  -4.544453e-02  -4.173372e-02  -4.544453e-02  -5.170944e-02  -5.348513e-02  -4.954364e-02  -4.249050e-02  -3.488316e-02  -2.805101e-02  -2.240607e-02  -1.791975e-02  -1.441167e-02  -1.168080e-02  -9.549936e-03
  -8.642429e-03  -1.078422e-02  -1.364116e-02  -1.750153e-02  -2.277325e-02  -3.000223e-02  -3.982613e-02  -5.266279e-02  -6.772605e-02  -8.093753e-02  -8.371352e-02  -7.173994e-02  -6.203840e-02  -7.173994e-02  -8.371352e-02  -8.093753e-02  -6.772605e-02  -5.266279e-02  -3.982613e-02  -3.000223e-02  -2.277325e-02  -1.750153e-02  -1.364116e-02  -1.078422e-02  -8.642429e-03
  -7.172666e-03  -9.108599e-03  -1.178142e-02  -1.555809e-02  -2.102843e-02  -2.915569e-02  -4.149298e-02  -6.038430e-02  -8.844098e-02  -1.245592e-01  -1.511498e-01  -1.322183e-01  -1.003885e-01  -1.322183e-01  -1.511498e-01  -1.245592e-01  -8.844098e-02  -6.038430e-02  -4.149298e-02  -2.915569e-02  -2.102843e-02  -1.555809e-02  -1.178142e-02  -9.108599e-03  -7.172666e-03
  -5.156776e-03  -6.639242e-03  -8.741798e-03  -1.181933e-02  -1.649547e-02  -2.391869e-02  -3.631892e-02  -5.823279e-02  -9.899993e-02  -1.753426e-01  -2.927121e-01  -3.220900e-01  -1.847118e-01  -3.220900e-01  -2.927121e-01  -1.753426e-01  -9.899993e-02  -5.823279e-02  -3.631892e-02  -2.391869e-02  -1.649547e-02  -1.181933e-02  -8.741798e-03  -6.639242e-03  -5.156776e-03
  -2.701528e-03  -3.508901e-03  -4.673772e-03  -6.418142e-03  -9.152573e-03  -1.369171e-02  -2.179323e-02  -3.767892e-02  -7.286093e-02  -1.635032e-01  -4.325982e-01  -1.025563e+00  -3.716767e-01  -1.025563e+00  -4.325982e-01  -1.635032e-01  -7.286093e-02  -3.767892e-02  -2.179323e-02  -1.369171e-02  -9.152573e-03  -6.418142e-03  -4.673772e-03  -3.508901e-03  -2.701528e-03
   0.000000e+00   0.000000e+00   0.000000e+00   0.000000e+00   0.000000e+00   0.000000e+00   0.000000e+00   0.000000e+00   0.000000e+00   0.000000e+00   0.000000e+00   0.000000e+00   0.000000e+00   0.000000e+00   0.000000e+00   0.000000e+00   0.000000e+00   0.000000e+00   0.000000e+00   0.000000e+00   0.000000e+00   0.000000e+00   0.000000e+00   0.000000e+00   0.000000e+00
   2.701526e-03   3.508898e-03   4.673769e-03   6.418136e-03   9.152565e-03   1.369170e-02   2.179322e-02   3.767891e-02   7.286089e-02   1.635032e-01   4.325980e-01   1.025564e+00   3.716768e-01   1.025564e+00   4.325980e-01   1.635032e-01   7.286089e-02   3.767891e-02   2.179322e-02   1.369170e-02   9.152565e-03   6.418136e-03   4.673769e-03   3.508898e-03   2.701526e-03
   5.156778e-03   6.639244e-03   8.741802e-03   1.181933e-02   1.649547e-02   2.391870e-02   3.631894e-02   5.823281e-02   9.899993e-02   1.753426e-01   2.927119e-01   3.220898e-01   1.847117e-01   3.220898e-01   2.927119e-01   1.753426e-01   9.899993e-02   5.823281e-02   3.631894e-02   2.391870e-02   1.649547e-02   1.181933e-02   8.741802e-03   6.639244e-03   5.156778e-03
   7.172666e-03   9.108599e-03   1.178142e-02   1.555809e-02   2.102843e-02   2.915569e-02   4.149298e-02   6.038430e-02   8.844098e-02   1.245592e-01   1.511498e-01   1.322183e-01   1.003885e-01   1.322183e-01   1.511498e-01   1.245592e-01   8.844098e-02   6.038430e-02   4.149298e-02   2.915569e-02   2.102843e-02   1.555809e-02   1.178142e-02   9.108599e-03   7.172666e-03
   8.642428e-03   1.078422e-02   1.364116e-02   1.750153e-02   2.277326e-02   3.000224e-02   3.982614e-02   5.266278e-02   6.772603e-02   8.093754e-02   8.371355e-02   7.173998e-02   6.203842e-02   7.173998e-02   8.371355e-02   8.093754e-02   6.772603e-02   5.266278e-02   3.982614e-02   3.000224e-02   2.277326e-02   1.750153e-02   1.364116e-02   1.078422e-02   8.642428e-03
   9.549938e-03   1.168080e-02   1.441167e-02   1.791976e-02   2.240607e-02   2.805100e-02   3.488315e-02   4.249049e-02   4.954365e-02   5.348513e-02   5.170941e-02   4.544451e-02   4.173371e-02   4.544451e-02   5.170941e-02   5.348513e-02   4.954365e-02   4.249049e-02   3.488315e-02   2.805100e-02   2.240607e-02   1.791976e-02   1.441167e-02   1.168080e-02   9.549938e-03
   9.950680e-03   1.191526e-02   1.432686e-02   1.726193e-02   2.076818e-02   2.480906e-02   2.916687e-02   3.330331e-02   3.627265e-02   3.694280e-02   3.486919e-02   3.148957e-02   2.980356e-02   3.148957e-02   3.486919e-02   3.694280e-02   3.627265e-02   3.330331e-02   2.916687e-02   2.480906e-02   2.076818e-02   1.726193e-02   1.432686e-02   1.191526e-02   9.950680e-03
   9.941145e-03   1.165241e-02   1.366076e-02   1.597388e-02   1.855363e-02   2.127855e-02   2.389675e-02   2.599757e-02   2.706286e-02   2.670389e-02   2.506951e-02   2.313154e-02   2.226209e-02   2.313154e-02   2.506951e-02   2.670389e-02   2.706286e-02   2.599757e-02   2.389675e-02   2.127855e-02   1.855363e-02   1.597388e-02   1.366076e-02   1.165241e-02   9.941145e-03
   9.630812e-03   1.105782e-02   1.265797e-02   1.440196e-02   1.621864e-02   1.797715e-02   1.947591e-02   2.045850e-02   2.068589e-02   2.008070e-02   1.889182e-02   1.771288e-02   1.721967e-02   1.771288e-02   1.889182e-02   2.008070e-02   2.068589e-02   2.045850e-02   1.947591e-02   1.797715e-02   1.621864e-02   1.440196e-02   1.265797e-02   1.105782e-02   9.630812e-03
   9.122525e-03   1.027261e-02   1.150523e-02   1.277662e-02   1.401337e-02   1.510747e-02   1.592126e-02   1.631446e-02   1.619709e-02   1.560466e-02   1.475101e-02   1.399684e-02   1.369553e-02   1.399684e-02   1.475101e-02   1.560466e-02   1.619709e-02   1.631446e-02   1.592126e-02   1.510747e-02   1.401337e-02   1.277662e-02   1.150523e-02   1.027261e-02   9.122525e-03
   8.500843e-03   9.403399e-03   1.032784e-02   1.123030e-02   1.204843e-02   1.270402e-02   1.311239e-02   1.320590e-02   1.296591e-02   1.245735e-02   1.184070e-02   1.133663e-02   1.114220e-02   1.133663e-02   1.184070e-02   1.245735e-02   1.296591e-02   1.320590e-02   1.311239e-02   1.270402e-02   1.204843e-02   1.123030e-02   1.032784e-02   9.403399e-03   8.500843e-03
   7.829775e-03   8.522972e-03   9.201437e-03   9.827254e-03   1.035342e-02   1.072745e-02   1.090207e-02   1.085064e-02   1.058451e-02   1.016829e-02   9.716315e-03   9.367370e-03   9.236065e-03   9.367370e-03   9.716315e-03   1.016829e-02   1.058451e-02   1.085064e-02   1.090207e-02   1.072745e-02   1.035342e-02   9.827254e-03   9.201437e-03   8.522972e-03   7.829775e-03
   7.154083e-03   7.676899e-03   8.165453e-03   8.589840e-03   8.916708e-03   9.113906e-03   9.157387e-03   9.041761e-03   8.789399e-03   8.454669e-03   8.118404e-03   7.869107e-03   7.777144e-03   7.869107e-03   8.118404e-03   8.454669e-03   8.789399e-03   9.041761e-03   9.157387e-03   9.113906e-03   8.916708e-03   8.589840e-03   8.165453e-03   7.676899e-03   7.154083e-03
