%Tid lon lat E[km] N[km] dep[km] strike dip Area[km2] idP1 idP2 idP3
0  141.86  36.18  -147.364 -610.709  16.917  201.582  14.140  1884.923  130 140 141
1  140.06  37.12  -305.259 -502.055  96.758  209.396  32.971  1157.216  125 126 67
10  141.83  38.32  -145.994 -373.047  43.604  191.643  22.619  497.723   82 89 167
100  141.69  40.71  -152.779 -107.581  70.221  193.054  26.285  1072.018  107 108 104
101  141.68  39.85  -156.048 -202.478  61.843  193.739  27.105  1054.189  105 79 78
102  140.49  35.35  -273.465 -699.223  51.900  183.257  20.125  229.671   205 137 202
103  141.28  38.59  -193.049 -341.665  67.373  192.274  26.741  377.651   172 156 168
104  140.90  38.98  -224.989 -298.159  88.289  191.354  29.022  498.460   170 43 94
105  141.45  37.47  -181.692 -466.272  47.588  198.090  26.285  508.716   122 128 183
106  140.21  36.12  -296.301 -613.616  66.392  191.518  23.214  810.871   124 58 132
107  140.40  37.76  -273.178 -432.164  97.510  202.418  29.864  568.914   61 188 129
108  140.75  37.16  -244.274 -499.189  68.999  211.264  24.734  313.816   189 185 121
109  143.38  41.82  -10.088  13.849  29.915  196.253  17.024  1888.880  55 38 148
11  141.54  35.98  -176.369 -631.563  22.747  192.980  16.981  1349.122  140 130 162
110  142.71  39.64  -67.697 -227.323  26.541  192.602  13.911  573.888   117 35 119
111  140.45  37.19  -270.675 -495.351  81.453  208.918  28.544  605.406   121 126 45
112  140.84  37.60  -234.401 -450.360  74.226  203.995  27.149  301.811   179 180 127
113  142.94  36.70  -50.066 -553.623  8.620   214.267  5.366   1042.075  27 26 145
114  141.11  36.05  -215.293 -623.846  35.860  195.276  19.439  525.119   162 144 199
115  140.87  35.33  -239.305 -703.123  40.315  183.607  18.623  176.797   163 197 201
116  142.94  39.71  -47.824 -219.658  22.280  193.959  13.405  692.614   117 119 80
117  140.47  37.38  -268.274 -473.635  85.558  204.758  27.837  614.418   121 188 126
118  145.16  42.55   136.431  96.189  26.914  245.867  17.053  1728.464  54 44 6
119  142.50  40.16  -85.430 -169.901  36.364  196.826  18.668  850.274   118 103 102
12  139.88  38.66  -314.750 -330.319  135.254  192.701  31.296  1738.989  73 60 20
120  145.50  41.76   166.037  9.794   9.993   240.447  6.139   2366.774  44 12 11
121  141.16  37.87  -205.455 -422.065  64.724  193.116  26.669  304.471   187 120 182
122  141.50  36.58  -179.222 -565.625  30.215  198.877  20.861  1430.421  123 130 49
123  142.47  40.82  -87.127 -95.971  43.416  193.839  20.803  1087.796  111 110 77
124  143.37  42.30  -10.775  68.097  41.510  224.659  26.008  1223.471  65 38 149
125  141.13  36.99  -211.192 -519.601  50.419  211.905  24.663  382.772   143 184 142
126  141.84  36.54  -148.755 -570.851  20.857  200.811  13.997  1742.742  49 130 141
127  146.17  42.00   221.322  37.322  9.104   232.568  6.080   1983.741  11 10 8
128  139.61  35.19  -354.323 -714.649  99.806  174.227  45.863  2192.797  64 50 136
129  142.05  38.77  -125.656 -322.994  39.011  188.478  20.948  276.206   165 166 34
13  142.78  41.62  -60.274 -7.090   42.821  199.461  21.412  977.093   146 147 148
130  141.28  38.97  -192.581 -300.132  70.770  188.882  28.006  331.386   171 170 83
131  140.83  38.46  -233.303 -355.432  86.580  191.314  28.334  375.845   176 93 173
132  140.58  36.04  -263.308 -623.685  52.557  191.311  20.334  307.842   131 132 193
133  143.30  42.91  -16.311  135.282  84.402  240.546  41.380  1509.681  36 40 150
134  144.27  43.43   62.028  193.602  102.440  248.272  39.823  1675.088  159 3 1
135  142.46  38.57  -90.527 -345.464  26.722  190.262  14.911  529.979   91 85 174
136  140.72  36.28  -250.052 -597.363  50.444  199.055  18.560  259.947   131 200 207
137  140.23  35.30  -296.886 -704.221  60.764  180.983  21.388  306.010   209 137 134
138  141.14  37.48  -208.570 -465.150  59.999  199.097  25.022  331.985   181 183 127
139  141.61  42.82  -154.369  126.769  136.604  231.204  36.126  2508.960  71 4 7
14  141.99  38.90  -130.678 -308.871  41.638  187.158  20.738  271.484   34 92 165
140  142.29  39.29  -103.981 -266.078  33.887  189.468  17.565  561.044   98 86 97
141  141.55  40.91  -164.177 -84.351  78.386  193.585  26.525  1083.411  107 37 108
142  143.83  40.18   28.007 -167.483  11.936  201.881  7.298   2648.259  113 16 52
143  142.01  39.60  -127.573 -230.814  45.579  193.799  24.316  602.779   101 79 98
144  143.29  39.07  -17.775 -291.421  14.595  192.662  8.027   1281.466  114 70 41
145  141.64  35.50  -169.046 -685.867  17.408  190.425  17.456  1331.925  138 56 140
146  140.64  37.46  -253.387 -466.188  80.003  204.041  28.183  371.008   121 180 188
147  143.83  43.15   27.150  162.437  89.502  246.961  40.731  828.106   159 36 158
148  140.60  36.96  -258.062 -521.678  69.063  213.012  27.107  264.925   189 45 191
149  142.43  43.25  -87.237  173.958  139.344  242.872  38.858  2671.818  74 2 4
15  143.66  43.02   13.027  147.744  82.502  247.510  41.023  871.737   36 150 158
150  141.68  39.24  -156.697 -270.697  54.862  189.253  26.810  338.357   99 100 169
151  142.26  38.57  -108.313 -345.366  31.916  189.356  18.497  419.603   166 91 174
152  142.07  41.17  -119.752 -57.376  61.142  195.962  24.191  1446.480  112 107 111
153  144.29  40.78   66.999 -101.399  9.543   200.482  5.249   2874.495  72 16 14
154  141.92  39.45  -135.607 -247.862  47.189  194.809  24.216  619.527   99 98 79
155  142.53  41.84  -80.287  17.168  55.657  207.616  26.317  1538.044  46 146 148
156  141.77  38.47  -150.492 -355.633  46.768  189.552  22.282  417.085   82 167 90
157  140.33  36.84  -282.602 -533.864  75.712  215.522  29.691  561.637   190 45 125
158  141.30  36.36  -197.119 -589.122  33.553  201.800  20.415  775.715   130 123 144
159  140.89  37.49  -231.040 -463.422  70.174  200.356  25.905  234.175   127 180 186
16  141.21  35.35  -208.472 -701.677  29.622  186.102  19.437  634.437   135 138 163
160  143.48  37.81  -2.095  -430.950  10.078  206.361  4.984   1091.028  23 69 116
161  141.50  39.68  -171.606 -220.895  67.559  191.630  27.656  714.393   106 79 105
162  143.92  38.83   36.149 -316.984  8.455   189.162  4.563   1660.153  114 21 19
163  142.97  42.97  -43.117  142.286  100.269  242.500  38.916  1898.920  74 40 36
164  142.12  38.49  -120.398 -354.822  35.494  187.773  18.983  423.903   166 167 91
165  141.25  39.68  -193.393 -220.477  79.155  191.218  29.182  696.462   106 105 75
166  141.92  35.40  -143.158 -697.120  10.197  192.290  12.046  1432.315  140 56 161
167  141.30  37.11  -195.447 -506.255  46.758  204.430  26.269  428.482   143 122 184
168  141.52  41.39  -165.980 -31.269  87.104  199.414  28.995  1588.497  112 57 37
169  142.80  39.26  -60.325 -269.747  22.453  191.704  11.998  900.337   97 41 119
17  140.35  36.22  -282.993 -602.495  61.637  190.003  24.085  392.395   132 192 124
170  142.13  42.94  -111.730  139.399  125.753  236.664  35.155  2037.723  74 4 71
171  141.03  35.25  -224.309 -711.528  34.828  185.843  19.524  447.559   201 135 163
172  140.62  35.50  -260.755 -683.455  47.833  186.055  18.791  191.391   205 195 204
173  141.18  38.83  -201.204 -314.558  73.960  190.601  27.670  375.105   172 83 170
174  140.73  38.89  -240.002 -307.541  95.417  191.419  28.967  552.078   178 94 43
175  142.28  38.98  -105.543 -299.800  33.074  185.000  17.263  436.942   34 96 86
176  141.22  40.91  -191.806 -84.702  92.676  192.692  29.308  1290.982  108 37 62
177  142.60  40.38  -75.988 -145.267  35.210  191.082  19.060  1054.570  118 77 103
178  142.01  40.30  -126.370 -153.135  53.517  194.124  23.189  1043.687  103 104 78
179  142.17  35.63  -120.690 -672.283  8.246   212.906  9.091   2087.387  140 161 29
18  140.46  39.21  -262.518 -270.805  112.325  191.687  30.062  1831.916  63 60 43
180  140.83  35.92  -241.189 -636.870  43.738  192.520  19.659  301.779   193 32 199
181  141.50  37.02  -177.933 -516.188  37.645  204.558  23.508  848.369   49 122 143
182  142.17  36.04  -120.250 -626.481  11.083  197.184  7.585   2068.865  141 140 29
183  140.12  39.32  -291.688 -258.004  131.038  192.050  31.596  2643.848  63 18 60
184  141.22  39.11  -196.782 -284.141  74.423  190.163  28.321  461.892   171 95 170
185  144.70  42.17   98.885  54.227  18.929  240.484  10.366  1577.668  66 44 153
186  140.60  37.72  -255.471 -437.082  87.268  203.429  28.459  348.061   188 179 129
187  141.73  39.00  -153.011 -296.863  51.613  186.345  24.104  316.813   169 164 92
188  141.38  37.64  -186.736 -447.870  52.607  196.332  25.617  399.013   182 183 128
189  142.39  39.45  -95.329 -248.316  32.301  192.670  17.232  610.568   98 97 35
19  143.71  42.33   17.367  71.290  33.736  231.295  24.073  1051.380  149 38 152
190  140.63  41.67  -238.838  2.077   135.543  200.281  32.745  3504.926  9 13 57
191  142.97  43.27  -42.983  175.374  123.975  242.563  39.027  2410.053  74 36 2
192  141.00  37.06  -222.611 -510.848  57.219  212.276  26.179  357.038   184 185 142
193  142.72  37.03  -69.547 -516.632  12.455  209.058  7.797   957.450   145 68 51
194  140.15  38.55  -292.239 -343.282  120.515  192.116  29.918  1157.228  73 47 60
195  140.50  36.14  -269.772 -611.358  55.696  189.536  19.797  299.971   132 131 192
196  142.19  38.16  -114.694 -390.698  31.214  191.358  18.242  853.206   91 89 81
197  143.90  42.87   32.316  131.385  63.848  248.482  38.488  825.862   158 150 151
198  141.14  35.50  -214.037 -683.937  32.129  183.690  19.073  368.767   163 138 196
199  139.80  38.04  -324.447 -398.983  132.325  191.667  32.064  2364.211  73 22 61
2  140.81  38.32  -235.300 -370.427  86.006  191.934  28.359  353.903   176 155 93
20  141.26  40.38  -190.136 -142.970  85.401  190.033  28.883  1204.376  109 108 48
200  142.45  36.78  -93.386 -544.515  12.978  218.790  7.516   1209.798  51 141 145
201  144.18  43.10   55.489  156.957  76.519  250.300  38.935  669.210   159 158 160
202  143.44  40.76  -5.253  -103.886  18.961  196.175  12.258  1778.583  72 39 52
203  139.28  35.86  -380.921 -638.889  122.597  188.710  43.358  2157.264  64 28 30
204  142.07  38.33  -124.931 -372.439  35.866  193.592  19.008  533.244   89 91 167
205  140.25  36.63  -290.888 -556.303  73.308  206.380  29.982  714.643   190 125 124
206  141.29  37.37  -195.658 -477.108  52.336  199.705  25.669  400.318   181 122 183
207  142.73  37.30  -68.552 -486.630  14.273  208.039  7.657   1364.372  68 42 51
208  141.01  39.13  -215.577 -281.411  84.874  190.262  29.198  658.620   170 95 43
209  139.88  36.84  -322.636 -532.006  98.288  204.236  34.456  1621.297  67 59 125
21  142.49  42.79  -82.440  123.086  103.266  235.707  38.959  1895.929  74 71 40
210  143.70  39.10   17.209 -287.597  10.843  202.088  5.711   1838.182  19 70 114
211  143.17  42.08  -26.901  42.819  39.869  213.753  24.754  1284.631  65 148 38
212  140.24  35.89  -294.012 -638.896  63.166  192.653  23.369  609.384   132 58 133
213  143.45  39.66  -4.542  -225.032  14.429  187.772  8.868   1318.881  80 70 113
214  140.61  37.98  -254.126 -408.471  91.580  195.649  29.081  339.099   157 177 129
215  143.84  40.54   28.895 -127.676  12.905  181.838  6.872   2371.671  72 52 16
216  141.18  38.35  -202.903 -368.429  69.490  191.982  27.402  389.933   156 93 154
217  140.05  39.82  -295.239 -201.766  140.118  191.323  31.448  3702.317  63 15 18
218  142.93  38.75  -49.957 -325.864  18.261  188.236  10.676  804.795   53 41 85
219  141.92  39.80  -134.856 -208.301  51.177  193.608  24.264  778.060   101 78 79
22  142.34  38.84  -100.818 -316.321  30.962  189.374  17.742  365.032   174 96 34
220  144.07  39.57   48.717 -235.800  8.260   184.977  4.730   1581.876  113 19 17
221  139.38  35.45  -373.733 -685.311  115.594  172.245  44.047  2243.684  64 30 50
222  141.57  39.02  -167.516 -294.501  58.588  186.384  26.678  328.340   171 164 169
223  140.56  35.90  -265.585 -638.712  52.211  192.908  20.272  333.584   193 132 194
224  140.93  36.50  -230.319 -573.414  47.089  201.033  19.891  645.101   200 123 198
225  144.81  42.91   107.072  136.445  49.847  249.184  32.992  1210.759  54 5 160
226  142.61  41.38  -74.193 -33.974  44.774  196.585  21.573  1086.307  147 146 111
227  141.61  38.54  -164.692 -347.626  53.497  191.628  24.689  467.419   168 82 90
228  144.44  43.21   76.322  169.188  79.594  247.794  38.266  1039.983  159 160 3
229  143.09  39.28  -35.276 -267.074  18.101  197.500  9.238   1114.169  119 41 70
23  144.00  42.13   41.602  48.585  23.984  230.639  10.844  1400.260  38 66 152
230  142.63  38.41  -76.181 -363.588  22.691  184.289  13.369  1005.929  85 91 84
231  140.46  40.07  -259.527 -175.214  121.929  191.411  31.387  3713.379  63 48 15
232  139.57  36.91  -349.754 -522.971  119.592  202.109  38.131  2797.975  67 25 59
233  141.06  37.21  -216.925 -494.659  58.570  204.011  25.500  277.036   184 181 185
234  143.01  37.48  -42.905 -467.399  12.471  208.689  7.594   1035.462  116 42 68
235  142.54  39.80  -81.947 -209.611  31.686  200.040  16.996  539.400   102 35 117
236  143.78  39.43   24.332 -251.436  10.646  176.941  6.250   2080.806  113 70 19
237  140.69  38.09  -246.540 -395.898  89.181  192.659  29.644  307.908   157 155 177
238  140.75  41.30  -229.891 -40.281  121.714  196.807  31.645  3486.830  62 57 13
239  143.16  41.59  -28.377 -11.051  32.512  205.244  16.374  1420.361  148 147 55
24  140.33  35.10  -288.631 -727.327  57.340  181.545  20.902  186.787   209 203 208
240  140.90  35.64  -234.943 -668.001  39.709  187.120  18.919  333.005   196 32 195
241  142.18  40.93  -111.188 -84.024  54.231  195.254  23.997  1033.715  107 110 111
242  142.13  40.52  -116.338 -128.768  51.713  192.047  23.358  819.061   104 103 110
243  141.14  36.81  -210.475 -539.520  46.132  205.041  22.783  659.115   142 123 143
244  142.50  36.25  -89.459 -603.072  8.983   216.289  5.499   1769.594  29 27 141
245  140.66  38.23  -249.001 -380.012  92.340  190.718  29.115  349.320   177 155 176
246  139.45  37.40  -358.968 -469.009  139.493  196.246  36.115  3071.708  67 22 25
247  141.47  37.80  -179.073 -430.328  51.219  193.982  25.824  566.106   182 128 88
248  140.61  36.47  -259.146 -575.994  56.186  204.154  20.114  242.798   206 207 198
249  141.04  41.96  -203.785  33.000  123.355  209.032  31.588  2779.596  9 57 76
25  140.14  35.43  -304.655 -689.666  64.525  188.659  22.970  455.274   139 134 137
250  143.90  42.54   32.676  94.715  39.942  247.522  28.578  1057.110  151 149 152
251  139.76  37.66  -329.602 -441.030  127.001  203.398  32.901  3117.718  67 61 22
252  139.91  35.51  -325.155 -680.296  75.246  187.006  28.723  693.499   139 64 134
253  144.83  42.43   109.582  83.027  25.095  266.881  18.862  1206.924  44 54 153
254  141.58  40.07  -163.500 -178.057  68.144  190.821  26.312  941.703   78 109 105
255  141.07  36.37  -217.761 -587.485  40.916  201.781  20.436  571.933   200 144 123
256  140.54  36.57  -264.918 -563.735  60.360  208.271  22.273  350.056   198 190 206
257  140.92  38.22  -225.766 -381.775  79.743  191.643  28.154  328.624   155 87 93
258  143.13  38.39  -31.971 -366.774  14.477  181.751  7.398   949.510   115 53 84
259  142.77  40.92  -61.302 -85.723  35.391  197.138  19.392  1531.148  111 77 39
26  142.35  42.47  -94.246  87.398  88.835  227.259  33.209  2820.123  71 46 40
260  144.98  41.84   123.021  18.101  13.128  238.790  6.199   3053.204  66 12 44
261  143.23  41.31  -22.927 -42.594  27.467  201.558  15.789  1506.531  147 39 55
262  144.25  41.50   62.706 -20.790  15.047  208.484  7.439   3711.841  66 55 14
263  140.28  37.04  -286.440 -511.102  84.328  212.730  27.463  716.492   125 45 126
264  139.83  35.28  -333.403 -705.753  80.884  175.398  34.351  1526.514  64 136 134
265  143.42  43.48  -6.422   199.044  128.835  246.793  39.728  2905.038  36 1 2
266  143.18  38.16  -28.229 -391.696  13.606  190.435  7.873   1033.644  115 84 69
267  141.79  38.00  -150.340 -408.677  41.837  194.984  22.345  627.512   175 89 88
268  139.79  36.02  -333.876 -622.739  86.156  193.735  32.797  1741.991  64 58 59
269  141.69  37.45  -159.996 -468.676  38.613  198.704  21.022  987.445   122 33 128
27  141.47  38.79  -175.943 -319.991  60.894  189.719  26.120  349.065   168 164 83
270  143.14  42.50  -29.719  90.150  59.254  228.603  36.136  1409.325  40 65 149
271  141.82  38.90  -145.975 -308.401  47.942  185.930  23.982  306.108   164 165 92
272  140.48  35.46  -274.312 -687.742  52.474  184.013  20.130  195.592   205 204 137
273  140.68  37.60  -249.196 -449.843  81.447  202.986  28.175  301.149   188 180 179
274  141.38  38.34  -184.921 -369.484  60.719  192.819  25.183  423.831   156 154 82
275  139.81  39.02  -319.230 -289.747  143.334  192.701  31.296  2530.736  60 18 20
276  143.60  37.61   9.178  -453.476  8.423   203.719  4.642   1325.350  116 24 23
277  143.30  37.38  -17.330 -478.714  9.493   206.966  4.549   1005.408  116 68 24
278  142.19  41.70  -109.226  2.025   65.548  204.157  27.542  1633.260  112 146 46
279  140.69  38.57  -244.450 -342.825  93.920  191.907  28.888  378.314   176 173 178
28  140.40  37.93  -272.150 -412.714  100.555  195.751  28.925  559.721   177 61 129
280  140.85  38.09  -232.688 -396.644  81.653  193.180  27.952  275.701   157 87 155
281  141.62  38.72  -163.401 -328.524  54.424  188.008  24.568  413.758   168 90 164
282  142.67  39.08  -72.133 -289.830  24.288  186.447  12.609  768.156   96 41 97
283  141.22  35.67  -206.126 -666.183  30.022  186.847  18.741  521.901   196 138 162
284  142.28  41.38  -102.325 -33.386  56.422  194.674  24.393  1342.660  112 111 146
285  144.79  43.13   104.723  160.988  66.356  251.522  36.182  1272.669  3 160 5
286  140.58  36.26  -262.601 -598.870  54.252  199.171  18.478  192.861   131 207 192
287  143.33  42.70  -13.687  111.609  65.536  239.978  40.110  1293.161  150 40 149
288  140.55  35.13  -268.931 -724.329  49.976  180.063  20.209  199.383   31 202 208
289  141.67  37.82  -161.141 -427.789  43.882  197.648  22.106  609.801   88 128 175
29  142.96  40.39  -45.776 -144.008  26.556  196.751  14.794  1398.686  118 52 77
290  139.33  36.60  -373.145 -557.092  130.173  192.503  42.050  3224.138  59 25 28
291  140.35  40.90  -265.675 -83.532  136.722  192.490  32.648  4091.701  62 13 15
292  143.86  41.84   30.273  16.421  21.806  214.211  9.425   2303.561  66 38 55
293  142.04  37.98  -127.873 -410.821  33.811  196.866  17.557  666.384   175 81 89
294  140.36  36.51  -280.912 -570.897  65.138  204.660  24.139  357.816   206 190 124
295  141.16  38.10  -205.105 -396.179  67.574  192.480  27.524  306.513   87 187 154
296  141.98  39.15  -130.931 -281.543  42.847  186.145  21.395  410.585   92 86 99
297  144.23  42.50   59.814  89.881  32.774  254.222  26.911  898.445   151 152 153
298  142.64  39.46  -74.087 -247.184  26.746  198.100  13.725  671.888   97 119 35
299  141.86  42.31  -135.019  70.477  100.164  222.263  34.655  2328.380  76 46 71
3  142.65  39.98  -72.954 -189.658  30.729  193.001  17.413  653.636   117 118 102
30  140.68  35.17  -256.661 -720.274  45.772  182.271  18.344  317.854   202 31 201
300  142.14  39.92  -116.354 -195.853  45.025  199.462  22.258  685.245   102 78 101
301  144.05  41.16   45.974 -59.283  14.053  220.499  7.693   2890.632  72 14 55
302  142.84  41.18  -55.418 -56.260  36.012  191.794  19.364  1321.713  147 111 39
303  141.94  38.57  -136.257 -345.679  41.792  190.853  21.821  321.581   166 90 167
304  143.67  38.58   14.604 -345.709  9.785   189.256  4.559   1396.802  114 115 21
305  141.08  38.23  -211.497 -381.403  72.445  192.062  27.386  421.119   154 93 87
306  141.53  39.17  -170.182 -278.046  61.031  188.906  27.012  322.439   171 169 100
307  139.60  38.33  -341.242 -365.897  146.690  191.256  31.823  2226.030  73 20 22
308  140.33  38.11  -277.658 -392.418  106.177  193.919  27.826  874.272   177 47 61
309  140.43  35.82  -277.277 -647.284  55.773  192.180  20.547  455.419   132 133 194
31  142.91  39.94  -50.695 -194.509  24.472  195.414  13.511  718.343   117 80 118
310  140.03  35.05  -316.147 -731.313  71.268  171.841  32.048  919.136   134 136 203
311  140.74  36.42  -247.279 -581.338  51.606  204.367  18.840  321.736   200 198 207
312  141.13  38.50  -206.970 -351.133  73.341  191.214  27.232  430.486   93 156 172
313  140.51  38.92  -259.467 -303.916  106.710  191.710  30.070  1106.391  178 43 60
314  141.24  37.24  -200.367 -491.581  51.875  203.568  25.824  393.874   122 181 184
315  142.71  42.07  -65.203  42.178  55.301  211.524  26.516  1724.751  46 148 65
316  141.98  40.72  -128.690 -106.436  59.247  194.130  24.191  849.654   110 107 104
317  141.83  37.65  -147.108 -447.736  36.294  195.836  21.195  750.447   33 175 128
318  139.98  36.27  -316.117 -596.058  79.269  194.436  32.388  1296.389  124 59 58
319  141.74  40.28  -150.056 -155.411  63.843  191.838  26.132  945.109   78 104 109
32  143.16  39.56  -29.166 -236.846  18.132  185.798  9.475   1039.775  119 70 80
320  141.35  39.38  -184.815 -254.045  70.930  190.731  28.589  471.823   106 95 100
321  141.37  39.22  -184.039 -271.629  68.811  189.778  28.463  448.668   171 100 95
322  142.26  39.60  -106.685 -230.883  37.432  198.755  19.376  504.463   98 35 101
323  140.38  35.55  -282.516 -676.656  55.925  186.111  20.849  308.965   133 137 204
324  142.69  42.35  -66.665  73.399  68.691  226.416  36.757  2092.659  65 40 46
325  141.26  40.12  -190.535 -171.974  82.716  190.857  29.001  1081.190  48 105 109
326  140.95  35.51  -231.530 -682.530  38.101  183.373  18.471  308.845   195 163 196
327  140.84  37.85  -233.941 -423.079  78.722  197.244  27.719  329.796   179 120 157
328  143.09  37.72  -35.779 -440.959  12.962  196.072  7.088   879.601   116 69 42
329  143.35  38.59  -13.024 -343.910  12.378  188.496  6.690   858.966   114 53 115
33  140.85  35.43  -240.961 -691.865  41.083  182.894  18.573  241.754   195 197 163
330  143.08  40.67  -35.573 -113.159  25.687  189.233  15.238  1694.684  39 77 52
331  140.52  38.50  -259.541 -350.097  101.367  191.441  29.423  589.577   176 178 47
332  140.44  35.04  -278.768 -734.070  53.627  179.448  20.315  258.477   203 31 208
333  141.47  38.19  -177.774 -386.782  55.545  193.577  25.442  612.305   88 82 154
334  142.50  38.18  -87.827 -389.188  24.285  195.486  12.767  1191.336  91 81 84
335  140.85  37.03  -235.612 -513.669  61.868  212.435  26.096  323.573   142 185 189
336  140.40  35.28  -281.737 -706.560  54.894  180.897  20.828  258.990   209 202 137
337  141.73  41.17  -148.651 -56.557  74.323  194.996  26.358  1162.446  107 112 37
338  141.74  37.20  -155.847 -497.448  32.433  205.361  23.288  1525.637  122 49 33
339  141.92  38.69  -137.039 -331.874  42.948  186.647  21.566  283.011   165 90 166
34  140.44  35.19  -278.794 -717.586  53.690  181.632  20.875  135.723   209 208 202
340  140.97  39.34  -217.985 -257.714  88.658  190.906  29.375  939.333   75 43 95
341  142.36  37.68  -100.134 -444.836  23.437  199.275  11.855  1526.431  33 42 81
342  144.19  42.93   56.366  137.645  61.729  249.985  38.528  884.904   158 151 160
343  140.73  39.45  -238.627 -245.216  101.702  191.349  30.262  1434.632  75 63 43
344  142.89  38.48  -53.301 -355.709  17.997  189.844  10.689  845.451   85 84 53
345  140.77  36.77  -243.639 -542.320  57.696  211.398  25.129  433.077   142 191 198
346  140.38  36.37  -280.318 -586.215  62.264  200.984  23.024  266.402   206 124 192
347  143.30  37.13  -18.170 -505.815  8.445   211.654  4.887   1231.356  68 26 24
348  142.20  40.12  -111.084 -173.668  45.325  192.137  22.196  948.069   102 103 78
349  141.55  39.49  -168.014 -241.997  63.417  192.374  27.789  542.853   100 79 106
35  140.98  42.32  -207.357  72.545  138.498  213.875  33.707  2628.305  76 7 9
350  141.45  38.49  -179.135 -353.678  59.559  190.559  25.339  409.226   168 156 82
351  141.06  40.60  -206.430 -118.713  96.899  190.900  29.620  1861.897  108 62 48
352  141.34  37.91  -189.565 -417.273  57.679  194.029  25.857  396.777   187 182 88
353  142.34  39.78  -99.694 -212.039  37.021  195.437  19.516  540.834   102 101 35
354  140.13  35.75  -305.084 -654.233  66.751  188.388  24.696  534.387   133 58 139
355  141.47  35.72  -183.284 -660.226  23.119  188.867  17.018  1030.259  138 140 162
356  141.03  38.82  -214.817 -315.315  81.028  190.217  28.457  391.587   172 170 94
357  140.92  35.13  -235.430 -724.741  38.318  185.049  19.577  557.588   201 31 135
358  142.95  37.92  -48.197 -418.134  15.318  197.586  7.357   1232.676  69 84 42
359  141.56  40.48  -164.114 -132.189  73.012  192.299  26.356  901.340   109 104 108
36  144.12  39.98   53.315 -190.051  8.422   191.746  4.766   1412.374  113 17 16
360  140.76  37.39  -242.535 -474.245  73.305  203.820  25.043  247.533   180 121 186
361  143.53  38.06   2.269  -403.181  10.276  183.070  4.596   1363.125  115 69 23
362  140.13  38.20  -294.752 -382.491  116.780  194.097  30.172  1191.654  73 61 47
363  142.08  39.01  -122.535 -296.699  39.015  185.054  21.149  374.821   92 34 86
364  143.80  38.27   26.156 -380.058  8.554   185.624  4.391   1839.792  115 23 21
365  141.18  39.48  -199.965 -242.860  80.325  191.197  29.183  602.068   106 75 95
366  141.71  39.41  -153.754 -252.232  55.130  191.513  26.809  578.565   99 79 100
367  142.07  39.29  -123.372 -265.693  40.627  186.988  21.273  495.252   99 86 98
368  140.75  35.69  -249.000 -662.662  44.749  187.287  19.127  362.175   195 32 194
369  140.75  36.05  -247.759 -623.030  47.075  192.074  19.545  278.544   193 199 131
37  140.52  36.36  -267.624 -587.538  57.316  203.447  20.181  160.077   206 192 207
370  140.20  35.15  -300.131 -720.410  61.868  181.856  21.266  377.950   134 203 209
371  141.10  39.90  -204.870 -195.977  88.011  190.874  28.997  1347.355  48 75 105
372  140.31  37.57  -281.791 -452.372  97.244  205.466  29.381  941.294   61 126 188
373  140.76  36.92  -243.698 -525.783  61.946  213.802  26.044  301.236   189 191 142
374  141.17  41.22  -195.421 -49.724  99.940  196.627  30.765  1683.154  62 37 57
375  145.55  42.44   169.051  85.008  19.786  246.541  16.851  1843.787  44 8 6
376  145.70  42.08   182.316  45.668  12.250  234.235  5.948   2603.481  44 11 8
377  141.19  37.62  -203.554 -449.592  60.005  196.845  25.022  364.505   182 127 183
378  142.72  38.87  -67.694 -313.376  22.402  192.457  13.101  777.225   85 41 96
38  142.06  37.13  -127.502 -505.201  23.169  208.229  13.089  1760.816  51 33 49
39  145.16  42.82   135.344  126.581  38.615  254.088  29.843  1111.886  54 6 5
4  140.81  36.17  -241.674 -609.196  46.406  199.862  18.997  363.636   200 131 199
40  140.92  37.97  -226.552 -409.380  76.885  193.734  28.192  325.677   157 120 87
41  139.91  35.73  -325.131 -655.635  76.863  186.862  28.728  851.973   139 58 64
42  143.44  40.01  -5.465  -186.828  15.557  190.934  8.917   1567.970  80 113 52
43  141.41  36.80  -186.674 -541.266  36.555  204.695  23.517  915.537   123 49 143
44  140.60  40.51  -245.829 -126.986  119.172  189.963  31.476  3647.416  62 15 48
45  142.52  38.76  -85.384 -325.096  26.169  186.449  14.975  450.248   174 85 96
46  140.23  35.57  -296.551 -674.784  61.810  184.922  23.855  423.996   139 137 133
47  144.84  41.47   111.533 -23.255  10.312  229.103  5.833   2955.474  66 14 12
48  141.34  38.06  -189.364 -400.502  59.446  192.546  25.712  399.208   88 154 187
49  140.37  38.67  -272.591 -331.017  110.917  192.028  30.015  994.642   178 60 47
5  143.11  40.13  -32.960 -173.493  21.452  192.655  13.947  1350.911  118 80 52
50  140.71  35.43  -253.672 -690.999  45.292  182.760  17.880  170.735   197 195 205
51  144.49  42.61   80.971  102.307  35.244  248.669  26.006  1047.136  153 54 151
52  141.46  38.93  -177.173 -304.075  62.714  188.407  25.986  343.868   171 83 164
53  140.95  36.69  -227.736 -552.206  49.833  211.518  21.431  755.775   142 198 123
54  141.07  37.98  -213.238 -409.287  70.105  194.278  27.226  291.292   87 120 187
55  140.72  35.82  -251.317 -647.604  46.437  192.560  19.650  286.398   193 194 32
56  142.64  37.93  -75.507 -417.442  20.044  193.790  12.403  1462.934  81 42 84
57  140.98  36.19  -226.342 -607.242  41.395  197.626  20.572  399.920   200 199 144
58  143.00  36.96  -44.741 -524.503  9.604   209.121  5.011   993.682   145 26 68
59  140.60  37.10  -257.824 -505.351  73.083  208.934  25.727  360.520   189 121 45
6  141.06  35.76  -220.126 -655.713  35.191  187.120  18.919  431.406   196 162 32
60  140.63  35.33  -260.636 -701.734  47.387  182.267  17.935  159.365   205 202 197
61  144.32  42.23   67.384  59.860  22.811  237.821  10.770  1074.011  153 152 66
62  141.45  35.28  -186.323 -709.564  21.804  185.727  18.530  939.892   138 135 56
63  140.50  38.30  -262.095 -372.289  100.360  190.840  29.373  538.960   177 176 47
64  142.41  39.12  -94.548 -285.029  30.166  186.413  16.983  557.821   96 97 86
65  140.81  37.27  -238.670 -486.790  69.337  203.197  24.788  285.461   185 186 121
66  140.60  36.70  -259.366 -549.718  61.635  218.040  22.921  371.951   191 190 198
67  141.33  36.13  -195.658 -615.201  30.025  195.552  19.269  757.577   162 130 144
68  140.01  36.56  -312.103 -563.492  83.456  202.834  32.651  1267.956  125 59 124
69  141.48  42.52  -165.851  93.535  125.446  221.811  32.124  2280.563  76 71 7
7  142.42  40.56  -91.609 -124.666  42.367  194.954  20.806  875.937   110 103 77
70  142.20  38.73  -112.789 -327.343  34.277  187.396  18.253  305.913   166 174 34
71  142.59  36.57  -81.493 -568.303  10.288  214.150  5.376   1184.588  141 27 145
72  143.52  41.13   1.509  -62.783  20.120  197.208  12.270  1798.713  72 55 39
73  141.10  37.73  -211.781 -436.842  65.664  198.969  26.310  401.234   120 127 182
74  142.40  37.39  -97.169 -477.300  19.927  207.184  13.194  1763.938  51 42 33
75  140.47  35.66  -274.314 -664.493  53.472  189.011  20.177  279.462   194 133 204
76  141.60  41.97  -157.277  32.767  97.878  208.624  32.315  2717.940  76 57 46
77  139.48  36.13  -362.008 -609.874  110.463  191.703  41.819  3473.523  64 59 28
78  143.83  43.37   26.821  186.639  108.383  246.553  39.931  1802.388  1 36 159
79  141.30  38.72  -191.149 -327.080  67.781  188.813  26.694  360.591   172 168 83
8  140.94  38.70  -222.820 -329.020  83.880  191.521  28.177  327.027   172 94 173
80  140.98  38.55  -219.852 -345.492  80.554  191.581  28.191  403.526   172 173 93
81  143.20  38.82  -26.463 -319.009  14.800  197.216  7.926   950.011   114 41 53
82  141.81  39.14  -146.109 -282.177  49.142  184.465  24.408  311.735   99 169 92
83  141.69  38.17  -158.223 -389.162  46.978  194.392  22.162  719.033   88 89 82
84  141.02  35.90  -224.055 -639.641  37.533  192.501  19.729  497.107   162 199 32
85  140.76  38.71  -238.035 -327.371  92.178  191.412  28.965  321.189   178 173 94
86  140.72  35.28  -253.175 -708.392  44.821  184.194  18.341  176.395   202 201 197
87  141.77  41.71  -143.981  3.323   83.050  203.841  29.029  2632.000  57 112 46
88  140.79  39.81  -232.085 -205.862  102.226  190.231  30.171  1774.833  75 48 63
89  142.07  37.75  -125.635 -436.704  30.276  201.557  18.563  904.718   33 81 175
9  144.47  42.82   79.549  125.333  48.295  256.010  34.131  1140.274  160 151 54
90  142.12  36.80  -122.723 -542.413  18.038  208.738  13.216  1890.351  49 141 51
91  140.69  37.85  -247.663 -422.916  85.888  196.217  29.358  314.395   157 129 179
92  140.92  37.72  -226.953 -437.763  72.881  197.636  27.910  374.078   179 127 120
93  140.97  37.29  -224.322 -485.082  63.557  203.190  24.793  250.249   185 181 186
94  143.75  42.71   20.567  112.980  54.000  247.162  37.704  1061.849  150 149 151
95  140.50  36.84  -267.074 -534.441  68.817  220.047  26.560  357.027   191 45 190
96  140.07  37.45  -303.011 -465.041  105.569  203.199  30.981  1486.840  61 67 126
97  141.77  38.77  -149.984 -322.726  48.851  189.386  23.725  317.141   164 90 165
98  140.63  35.61  -260.304 -670.979  48.222  188.214  18.810  273.506   194 204 195
99  141.01  37.43  -220.675 -470.045  64.525  199.915  24.607  284.360   127 186 181
