obsId obs stdev ODirE ODirN ODirU E N U CODE lon lat
0002 0.0 1.0 0 0 1 -21.97400  304.73372  0.00000 0002  143.22400  44.43400
0003 0.0 1.0 0 0 1 -138.93571  302.17117  0.00000 0003  141.75600  44.39800
0004 0.0 1.0 0 0 1  94.44899  247.81214  0.00000 0004  144.67600  43.91600
0005 0.0 1.0 0 0 1  76.73472  202.25039  0.00000 0005  144.44900  43.50800
0007 0.0 1.0 0 0 1 -82.20286  211.42582  0.00000 0007  142.48200  43.59000
0008 0.0 1.0 0 0 1 -159.99066  242.17242  0.00000 0008  141.51000  43.85400
0009 0.0 1.0 0 0 1  132.74606  154.44361  0.00000 0009  145.13000  43.07000
0010 0.0 1.0 0 0 1  76.03235  141.69306  0.00000 0010  144.43200  42.96300
0012 0.0 1.0 0 0 1 -89.54869  143.85543  0.00000 0012  142.40200  42.98100
0013 0.0 1.0 0 0 1 -200.72385  168.10515  0.00000 0013  141.03100  43.17800
0014 0.0 1.0 0 0 1 -144.26931  145.00789  0.00000 0014  141.73100  42.98300
0015 0.0 1.0 0 0 1 -13.92868  70.09130  0.00000 0015  143.33100  42.32200
0016 0.0 1.0 0 0 1 -93.49358  74.58634  0.00000 0016  142.36500  42.35700
0017 0.0 1.0 0 0 1 -299.57455  90.81207  0.00000 0017  139.85800  42.45100
0018 0.0 1.0 0 0 1 -210.65955  79.01154  0.00000 0018  140.94200  42.37400
0019 0.0 1.0 0 0 1 -28.40996  35.04015  0.00000 0019  143.15700  42.00600
0020 0.0 1.0 0 0 1 -328.92025  59.06473  0.00000 0020  139.52000  42.15400
0021 0.0 1.0 0 0 1 -281.04418  40.75740  0.00000 0021  140.10700  42.00800
0022 0.0 1.0 0 0 1 -228.59145  18.64312  0.00000 0022  140.74800  41.82600
0023 0.0 1.0 0 0 1 -288.92501 -19.22446  0.00000 0023  140.04100  41.46600
0024 0.0 1.0 0 0 1 -191.50315 -40.78884  0.00000 0024  141.21300  41.30100
0026 0.0 1.0 0 0 1 -272.36191 -96.26613  0.00000 0026  140.27300  40.77900
0027 0.0 1.0 0 0 1 -145.78636 -171.57594  0.00000 0027  141.78900  40.13300
0028 0.0 1.0 0 0 1 -134.00225 -234.08578  0.00000 0028  141.94000  39.57200
0029 0.0 1.0 0 0 1 -198.52479 -283.90751  0.00000 0029  141.20400  39.11100
0030 0.0 1.0 0 0 1 -318.09991 -184.66984  0.00000 0030  139.77600  39.96800
0031 0.0 1.0 0 0 1 -297.28448 -248.77922  0.00000 0031  140.04800  39.39900
0032 0.0 1.0 0 0 1 -320.14225 -303.92483  0.00000 0032  139.80900  38.89500
0033 0.0 1.0 0 0 1 -276.42019 -320.68336  0.00000 0033  140.31900  38.75900
0035 0.0 1.0 0 0 1 -273.94937 -368.33291  0.00000 0035  140.36600  38.33100
0037 0.0 1.0 0 0 1 -222.58483 -371.46182  0.00000 0037  140.95400  38.31700
0038 0.0 1.0 0 0 1 -228.19852 -428.61609  0.00000 0038  140.90800  37.80100
0040 0.0 1.0 0 0 1 -327.16842 -442.74223  0.00000 0040  139.79200  37.64400
0041 0.0 1.0 0 0 1 -230.80235 -507.39054  0.00000 0041  140.90300  37.09100
0042 0.0 1.0 0 0 1 -258.51041 -567.78621  0.00000 0042  140.61200  36.54000
0045 0.0 1.0 0 0 1 -416.46406 -592.88434  0.00000 0045  138.86500  36.25900
0048 0.0 1.0 0 0 1 -445.55340 -665.91461  0.00000 0048  138.58300  35.59000
0049 0.0 1.0 0 0 1 -349.27735 -376.55722  0.00000 0049  139.51000  38.23100
0050 0.0 1.0 0 0 1 -396.70777 -411.66454  0.00000 0050  138.98900  37.89600
0051 0.0 1.0 0 0 1 -436.12436 -465.12272  0.00000 0051  138.57400  37.39800
0104 0.0 1.0 0 0 1 -138.95009  357.09122  0.00000 0104  141.74100  44.89200
0105 0.0 1.0 0 0 1 -97.83322  338.10562  0.00000 0105  142.26500  44.72800
0106 0.0 1.0 0 0 1 -172.78823  306.20212  0.00000 0106  141.33000  44.42700
0107 0.0 1.0 0 0 1 -69.74859  289.62215  0.00000 0107  142.62600  44.29500
0108 0.0 1.0 0 0 1  42.46091  263.72172  0.00000 0108  144.03000  44.06400
0109 0.0 1.0 0 0 1  135.17641  259.96330  0.00000 0109  145.18600  44.01900
0110 0.0 1.0 0 0 1 -108.09848  258.13304  0.00000 0110  142.15200  44.00700
0111 0.0 1.0 0 0 1 -13.31200  257.15483  0.00000 0111  143.33400  44.00600
0112 0.0 1.0 0 0 1  34.87267  133.80801  0.00000 0112  143.92700  42.89500
0113 0.0 1.0 0 0 1  120.15592  207.43980  0.00000 0113  144.98700  43.54900
0114 0.0 1.0 0 0 1  23.07574  239.73821  0.00000 0114  143.78700  43.84900
0116 0.0 1.0 0 0 1  103.18159  191.60202  0.00000 0116  144.77400  43.40900
0117 0.0 1.0 0 0 1 -167.58124  192.44431  0.00000 0117  141.43100  43.40500
0118 0.0 1.0 0 0 1  130.85543  189.19053  0.00000 0118  145.11500  43.38300
0119 0.0 1.0 0 0 1  186.48907  188.71364  0.00000 0119  145.80100  43.36700
0120 0.0 1.0 0 0 1 -235.56677  182.00970  0.00000 0120  140.59700  43.29300
0121 0.0 1.0 0 0 1  5.03124  177.48774  0.00000 0121  143.56200  43.28900
0122 0.0 1.0 0 0 1  67.00924  171.59437  0.00000 0122  144.32500  43.23300
0123 0.0 1.0 0 0 1 -16.40734  171.17374  0.00000 0123  143.29800  43.23200
0124 0.0 1.0 0 0 1  51.01980  159.01388  0.00000 0124  144.12700  43.12100
0125 0.0 1.0 0 0 1  109.39389  152.69790  0.00000 0125  144.84300  43.05800
0126 0.0 1.0 0 0 1 -244.45665  156.07173  0.00000 0126  140.49900  43.05700
0127 0.0 1.0 0 0 1 -241.07156  147.94346  0.00000 0127  140.54400  42.98500
0128 0.0 1.0 0 0 1 -180.27087  144.52362  0.00000 0128  141.29000  42.97100
0129 0.0 1.0 0 0 1 -213.86097  132.92135  0.00000 0129  140.88300  42.85800
0130 0.0 1.0 0 0 1 -236.87168  127.55564  0.00000 0130  140.60400  42.80300
0131 0.0 1.0 0 0 1 -267.29230  126.77322  0.00000 0131  140.23300  42.78600
0132 0.0 1.0 0 0 1 -133.96848  116.57486  0.00000 0132  141.86400  42.72900
0133 0.0 1.0 0 0 1 -98.59557  115.75984  0.00000 0133  142.29600  42.72700
0134 0.0 1.0 0 0 1 -32.52472  112.02559  0.00000 0134  143.10300  42.69900
0135 0.0 1.0 0 0 1 -198.77463  111.34774  0.00000 0135  141.07500  42.66800
0136 0.0 1.0 0 0 1 -155.60526  108.91379  0.00000 0136  141.60200  42.65600
0137 0.0 1.0 0 0 1 -219.26318  109.51770  0.00000 0137  140.82600  42.64600
0138 0.0 1.0 0 0 1 -3.20262  95.62303  0.00000 0138  143.46100  42.55200
0139 0.0 1.0 0 0 1 -175.66071  97.60993  0.00000 0139  141.36100  42.55000
0140 0.0 1.0 0 0 1 -258.59501  93.96121  0.00000 0140  140.35400  42.49400
0141 0.0 1.0 0 0 1 -118.38520  88.73772  0.00000 0141  142.06000  42.48100
0142 0.0 1.0 0 0 1 -76.98624  62.27896  0.00000 0142  142.56700  42.24800
0143 0.0 1.0 0 0 1 -268.20322  66.51274  0.00000 0143  140.25000  42.24400
0144 0.0 1.0 0 0 1 -46.70642  49.01920  0.00000 0144  142.93500  42.13100
0145 0.0 1.0 0 0 1 -289.01969  54.76231  0.00000 0145  140.00400  42.13100
0146 0.0 1.0 0 0 1 -242.42714  49.45509  0.00000 0146  140.56900  42.09900
0147 0.0 1.0 0 0 1 -223.01829  42.59200  0.00000 0147  140.80600  42.04300
0149 0.0 1.0 0 0 1 -265.40873 -5.33268  0.00000 0149  140.31600  41.59900
0150 0.0 1.0 0 0 1 -218.79064 -22.90367  0.00000 0150  140.88100  41.45500
0151 0.0 1.0 0 0 1 -240.76344 -68.01084  0.00000 0151  140.63600  41.04300
0152 0.0 1.0 0 0 1 -179.42539 -78.09490  0.00000 0152  141.36800  40.96800
0153 0.0 1.0 0 0 1 -194.72984 -115.81832  0.00000 0153  141.19800  40.62500
0154 0.0 1.0 0 0 1 -302.39045 -117.46209  0.00000 0154  139.92800  40.57800
0155 0.0 1.0 0 0 1 -247.55394 -125.48127  0.00000 0155  140.57800  40.52400
0156 0.0 1.0 0 0 1 -168.52563 -128.67466  0.00000 0156  141.51100  40.51500
0157 0.0 1.0 0 0 1 -206.06565 -152.62593  0.00000 0157  141.07600  40.29100
0158 0.0 1.0 0 0 1 -151.65575 -141.25221  0.00000 0158  141.71300  40.40500
0159 0.0 1.0 0 0 1 -187.53171 -153.10856  0.00000 0159  141.29400  40.29100
0160 0.0 1.0 0 0 1 -173.86327 -180.31581  0.00000 0160  141.46200  40.04900
0161 0.0 1.0 0 0 1 -194.27578 -187.37700  0.00000 0161  141.22500  39.98100
0162 0.0 1.0 0 0 1 -132.48988 -201.13446  0.00000 0162  141.95100  39.86900
0163 0.0 1.0 0 0 1 -199.77616 -201.67710  0.00000 0163  141.16500  39.85100
0164 0.0 1.0 0 0 1 -145.10577 -203.12718  0.00000 0164  141.80400  39.84900
0165 0.0 1.0 0 0 1 -217.35940 -217.86502  0.00000 0165  140.96500  39.70100
0166 0.0 1.0 0 0 1 -199.90688 -229.88964  0.00000 0166  141.17200  39.59700
0167 0.0 1.0 0 0 1 -132.93000 -246.76159  0.00000 0167  141.95500  39.45800
0169 0.0 1.0 0 0 1 -169.44390 -259.37874  0.00000 0169  141.53400  39.33800
0170 0.0 1.0 0 0 1 -146.86379 -269.16220  0.00000 0170  141.79800  39.25400
0172 0.0 1.0 0 0 1 -167.10315 -307.73247  0.00000 0172  141.57300  38.90300
0173 0.0 1.0 0 0 1 -217.84592 -316.27735  0.00000 0173  140.99100  38.81500
0174 0.0 1.0 0 0 1 -234.47392 -323.13731  0.00000 0174  140.80200  38.74900
0176 0.0 1.0 0 0 1 -204.99559 -347.27149  0.00000 0176  141.14800  38.53900
0177 0.0 1.0 0 0 1 -231.28960 -360.66571  0.00000 0177  140.85100  38.41200
0179 0.0 1.0 0 0 1 -233.11264 -403.04440  0.00000 0179  140.84400  38.03000
0180 0.0 1.0 0 0 1 -268.46083 -406.40637  0.00000 0180  140.44300  37.99000
0181 0.0 1.0 0 0 1 -248.36743 -147.57467  0.00000 0181  140.57700  40.32500
0182 0.0 1.0 0 0 1 -275.18598 -152.64832  0.00000 0182  140.26400  40.27100
0183 0.0 1.0 0 0 1 -230.89401 -160.35416  0.00000 0183  140.78700  40.21500
0184 0.0 1.0 0 0 1 -293.57645 -154.62545  0.00000 0184  140.04900  40.24700
0185 0.0 1.0 0 0 1 -264.46733 -182.37928  0.00000 0185  140.40200  40.00700
0186 0.0 1.0 0 0 1 -287.81788 -189.42892  0.00000 0186  140.13200  39.93600
0187 0.0 1.0 0 0 1 -248.74574 -211.58243  0.00000 0187  140.59700  39.74900
0188 0.0 1.0 0 0 1 -280.22249 -220.61830  0.00000 0188  140.23400  39.65800
0189 0.0 1.0 0 0 1 -267.51045 -233.18489  0.00000 0189  140.38700  39.54900
0190 0.0 1.0 0 0 1 -253.44220 -258.32905  0.00000 0190  140.56000  39.32700
0191 0.0 1.0 0 0 1 -310.19292 -269.73838  0.00000 0191  139.90800  39.20600
0192 0.0 1.0 0 0 1 -288.42416 -275.23755  0.00000 0192  140.16200  39.16400
0193 0.0 1.0 0 0 1 -248.36999 -289.05001  0.00000 0193  140.63000  39.05200
0194 0.0 1.0 0 0 1 -341.38757 -270.66832  0.00000 0194  139.54800  39.18600
0195 0.0 1.0 0 0 1 -307.88115 -319.41986  0.00000 0195  139.95700  38.76000
0196 0.0 1.0 0 0 1 -319.48197 -337.42210  0.00000 0196  139.83200  38.59400
0197 0.0 1.0 0 0 1 -329.34291 -386.84115  0.00000 0197  139.74200  38.14600
0198 0.0 1.0 0 0 1 -299.22319 -408.23137  0.00000 0198  140.09400  37.96400
0199 0.0 1.0 0 0 1 -299.67527 -382.20572  0.00000 0199  140.07800  38.19800
0200 0.0 1.0 0 0 1 -267.54368 -440.54493  0.00000 0200  140.46600  37.68300
0202 0.0 1.0 0 0 1 -302.67792 -452.22906  0.00000 0202  140.07300  37.56700
0204 0.0 1.0 0 0 1 -351.18291 -460.77730  0.00000 0204  139.52900  37.47300
0205 0.0 1.0 0 0 1 -251.45025 -480.81339  0.00000 0205  140.66200  37.32500
0206 0.0 1.0 0 0 1 -366.60672 -479.02272  0.00000 0206  139.36400  37.30300
0207 0.0 1.0 0 0 1 -354.29478 -481.99741  0.00000 0207  139.50400  37.28100
0209 0.0 1.0 0 0 1 -321.82819 -485.52562  0.00000 0209  139.87100  37.26100
0210 0.0 1.0 0 0 1 -287.83066 -501.75636  0.00000 0210  140.26000  37.12600
0211 0.0 1.0 0 0 1 -261.12174 -506.73256  0.00000 0211  140.56200  37.08900
0212 0.0 1.0 0 0 1 -275.18156 -531.50424  0.00000 0212  140.41300  36.86200
0213 0.0 1.0 0 0 1 -286.66345 -554.56746  0.00000 0213  140.29300  36.65100
0214 0.0 1.0 0 0 1 -244.97399 -539.30887  0.00000 0214  140.75400  36.80000
0215 0.0 1.0 0 0 1 -307.01227 -585.64376  0.00000 0215  140.07800  36.36500
0216 0.0 1.0 0 0 1 -271.36679 -589.16124  0.00000 0216  140.47600  36.34400
0217 0.0 1.0 0 0 1 -308.56373 -531.25254  0.00000 0217  140.03900  36.85400
0218 0.0 1.0 0 0 1 -346.86763 -550.68392  0.00000 0218  139.61900  36.66600
0219 0.0 1.0 0 0 1 -319.96278 -559.17287  0.00000 0219  139.92300  36.59900
0220 0.0 1.0 0 0 1 -381.58617 -537.64558  0.00000 0220  139.22500  36.77000
0221 0.0 1.0 0 0 1 -443.10510 -563.85208  0.00000 0221  138.55300  36.50800
0222 0.0 1.0 0 0 1 -373.88082 -576.68691  0.00000 0222  139.33000  36.42200
0223 0.0 1.0 0 0 1 -398.86460 -623.96300  0.00000 0223  139.07600  35.98700
0224 0.0 1.0 0 0 1 -334.30076 -636.76104  0.00000 0224  139.79600  35.89600
0225 0.0 1.0 0 0 1 -312.47878 -664.11098  0.00000 0225  140.04800  35.65700
0226 0.0 1.0 0 0 1 -283.40610 -711.05689  0.00000 0226  140.38500  35.24300
0227 0.0 1.0 0 0 1 -321.66288 -736.44161  0.00000 0227  139.97500  35.00300
0228 0.0 1.0 0 0 1 -350.21325 -661.93203  0.00000 0228  139.63100  35.66400
0229 0.0 1.0 0 0 1 -394.19665 -696.57299  0.00000 0229  139.16300  35.33600
0230 0.0 1.0 0 0 1 -396.43265 -703.92583  0.00000 0230  139.14200  35.26900
0231 0.0 1.0 0 0 1 -370.59212 -349.57719  0.00000 0231  139.25300  38.46500
0232 0.0 1.0 0 0 1 -436.07427 -362.55962  0.00000 0232  138.51300  38.31900
0233 0.0 1.0 0 0 1 -441.20171 -390.79642  0.00000 0233  138.47200  38.06300
0234 0.0 1.0 0 0 1 -364.69549 -409.47590  0.00000 0234  139.35100  37.92900
0235 0.0 1.0 0 0 1 -460.21190 -417.26657  0.00000 0235  138.27300  37.81600
0236 0.0 1.0 0 0 1 -354.68548 -436.94086  0.00000 0236  139.47800  37.68600
0237 0.0 1.0 0 0 1 -416.28493 -436.07820  0.00000 0237  138.78100  37.66800
0238 0.0 1.0 0 0 1 -391.77967 -437.94044  0.00000 0238  139.05900  37.66200
0239 0.0 1.0 0 0 1 -398.19346 -459.22396  0.00000 0239  138.99800  37.46800
0241 0.0 1.0 0 0 1 -458.39992 -482.53346  0.00000 0241  138.33400  37.23100
0243 0.0 1.0 0 0 1 -479.62245 -489.15041  0.00000 0243  138.10000  37.16100
0244 0.0 1.0 0 0 1 -434.85006 -500.70607  0.00000 0244  138.60900  37.07900
0246 0.0 1.0 0 0 1 -415.56771 -511.24607  0.00000 0246  138.83100  36.99300
0247 0.0 1.0 0 0 1 -472.65074 -522.51955  0.00000 0247  138.19900  36.86500
0263 0.0 1.0 0 0 1 -468.21093 -635.13788  0.00000 0263  138.31600  35.85600
0264 0.0 1.0 0 0 1 -434.54611 -648.98505  0.00000 0264  138.69500  35.74700
0267 0.0 1.0 0 0 1 -469.58448 -544.96668  0.00000 0267  138.24700  36.66500
0268 0.0 1.0 0 0 1 -464.44861 -576.31802  0.00000 0268  138.32300  36.38600
0269 0.0 1.0 0 0 1 -436.39072 -582.22637  0.00000 0269  138.63800  36.34600
0271 0.0 1.0 0 0 1 -475.13360 -595.56570  0.00000 0271  138.21600  36.20800
0272 0.0 1.0 0 0 1 -453.52851 -605.28690  0.00000 0272  138.46100  36.13100
0275 0.0 1.0 0 0 1 -495.19410 -667.08927  0.00000 0275  138.03800  35.55600
0296 0.0 1.0 0 0 1 -454.99278 -732.66866  0.00000 0296  138.51600  34.98600
0297 0.0 1.0 0 0 1 -418.50802 -747.75924  0.00000 0297  138.92200  34.86600
0502 0.0 1.0 0 0 1 -42.56668  321.28155  0.00000 0502  142.96400  44.58200
0503 0.0 1.0 0 0 1  9.26897  280.92506  0.00000 0503  143.61600  44.22000
0504 0.0 1.0 0 0 1 -33.81576  277.89417  0.00000 0504  143.07700  44.19200
0505 0.0 1.0 0 0 1  63.61106  255.55737  0.00000 0505  144.29300  43.98900
0506 0.0 1.0 0 0 1 -74.05909  246.66513  0.00000 0506  142.57800  43.90800
0507 0.0 1.0 0 0 1  49.46533  237.54840  0.00000 0507  144.11500  43.82800
0508 0.0 1.0 0 0 1 -87.80016  228.05279  0.00000 0508  142.41000  43.73900
0509 0.0 1.0 0 0 1 -130.97143  228.98015  0.00000 0509  141.87400  43.74100
0510 0.0 1.0 0 0 1 -48.06308  231.20514  0.00000 0510  142.90300  43.77100
0511 0.0 1.0 0 0 1  6.29001  219.92571  0.00000 0511  143.57800  43.67100
0512 0.0 1.0 0 0 1  142.87534  172.65110  0.00000 0512  145.25900  43.23200
0514 0.0 1.0 0 0 1 -89.60116  183.29785  0.00000 0514  142.39500  43.33600
0515 0.0 1.0 0 0 1  89.07576  180.06882  0.00000 0515  144.59800  43.30700
0516 0.0 1.0 0 0 1 -130.65724  174.18403  0.00000 0516  141.89100  43.24800
0517 0.0 1.0 0 0 1 -214.43336  172.08044  0.00000 0517  140.86100  43.21000
0518 0.0 1.0 0 0 1 -56.10519  164.05275  0.00000 0518  142.81000  43.16600
0519 0.0 1.0 0 0 1  164.17462  169.01815  0.00000 0519  145.52000  43.19500
0520 0.0 1.0 0 0 1 -159.60104  155.90540  0.00000 0520  141.54000  43.07800
0521 0.0 1.0 0 0 1 -26.85006  138.65958  0.00000 0521  143.17100  42.93900
0522 0.0 1.0 0 0 1 -157.07959  134.28576  0.00000 0522  141.57700  42.88400
0523 0.0 1.0 0 0 1 -171.27168  122.28596  0.00000 0523  141.40700  42.77300
0525 0.0 1.0 0 0 1 -224.35898  99.11669  0.00000 0525  140.76800  42.55100
0526 0.0 1.0 0 0 1 -215.75307  90.28423  0.00000 0526  140.87600  42.47400
0527 0.0 1.0 0 0 1 -335.52605  49.02101  0.00000 0527  139.44600  42.06100
0528 0.0 1.0 0 0 1 -234.23257  51.84819  0.00000 0528  140.66700  42.12300
0529 0.0 1.0 0 0 1 -230.78998  35.50206  0.00000 0529  140.71500  41.97700
0530 0.0 1.0 0 0 1 -284.93433  18.10594  0.00000 0530  140.07100  41.80300
0531 0.0 1.0 0 0 1  99.41389  144.21315  0.00000 0531  144.71900  42.98300
0532 0.0 1.0 0 0 1 -15.21176  48.32633  0.00000 0532  143.31600  42.12600
0533 0.0 1.0 0 0 1 -171.55175 -29.73026  0.00000 0533  141.44800  41.40500
0534 0.0 1.0 0 0 1 -252.41152 -51.83245  0.00000 0534  140.49100  41.18500
0535 0.0 1.0 0 0 1 -224.77527 -57.06812  0.00000 0535  140.82200  41.14600
0537 0.0 1.0 0 0 1 -199.60587 -89.35533  0.00000 0537  141.13200  40.86200
0538 0.0 1.0 0 0 1 -245.95550 -105.30274  0.00000 0538  140.58900  40.70600
0539 0.0 1.0 0 0 1 -179.53511 -110.53320  0.00000 0539  141.37600  40.67600
0540 0.0 1.0 0 0 1 -255.56284 -114.09535  0.00000 0540  140.47900  40.62400
0541 0.0 1.0 0 0 1 -228.08266 -112.76250  0.00000 0541  140.80300  40.64400
0542 0.0 1.0 0 0 1 -256.74725 -82.25789  0.00000 0542  140.45200  40.91000
0543 0.0 1.0 0 0 1 -207.93970 -190.12819  0.00000 0543  141.06600  39.95300
0544 0.0 1.0 0 0 1 -235.34228 -256.22815  0.00000 0544  140.76900  39.35100
0546 0.0 1.0 0 0 1 -166.36828 -281.09854  0.00000 0546  141.57500  39.14300
0547 0.0 1.0 0 0 1 -156.71297 -230.99493  0.00000 0547  141.67500  39.59600
0548 0.0 1.0 0 0 1 -231.12470 -345.78551  0.00000 0548  140.84800  38.54600
0549 0.0 1.0 0 0 1 -199.64275 -360.06599  0.00000 0549  141.21300  38.42500
0551 0.0 1.0 0 0 1 -312.21158 -193.47715  0.00000 0551  139.84900  39.89100
0552 0.0 1.0 0 0 1 -295.72517 -201.35937  0.00000 0552  140.04500  39.82600
0553 0.0 1.0 0 0 1 -237.24785 -217.05689  0.00000 0553  140.73300  39.70300
0554 0.0 1.0 0 0 1 -258.48020 -272.38932  0.00000 0554  140.50700  39.19900
0555 0.0 1.0 0 0 1 -309.37925 -290.89764  0.00000 0555  139.92700  39.01600
0556 0.0 1.0 0 0 1 -273.41233 -349.90397  0.00000 0556  140.36500  38.49700
0557 0.0 1.0 0 0 1 -282.96193 -388.36054  0.00000 0557  140.27100  38.14800
0559 0.0 1.0 0 0 1 -290.73756 -447.20952  0.00000 0559  140.20600  37.61600
0560 0.0 1.0 0 0 1 -275.97533 -447.15726  0.00000 0560  140.37300  37.62100
0561 0.0 1.0 0 0 1 -297.67349 -468.18993  0.00000 0561  140.13600  37.42500
0564 0.0 1.0 0 0 1 -354.32443 -395.80413  0.00000 0564  139.46200  38.05600
0565 0.0 1.0 0 0 1 -450.39652 -394.63907  0.00000 0565  138.37000  38.02400
0566 0.0 1.0 0 0 1 -423.56347 -450.40502  0.00000 0566  138.70700  37.53600
0567 0.0 1.0 0 0 1 -441.54966 -470.29462  0.00000 0567  138.51600  37.34900
0568 0.0 1.0 0 0 1 -397.02509 -475.74845  0.00000 0568  139.02000  37.32000
0569 0.0 1.0 0 0 1 -467.54985 -501.41348  0.00000 0569  138.24300  37.05700
0581 0.0 1.0 0 0 1 -268.01553 -544.94979  0.00000 0581  140.49800  36.74300
0583 0.0 1.0 0 0 1 -321.22422 -612.91115  0.00000 0583  139.93100  36.11500
0584 0.0 1.0 0 0 1 -297.13930 -623.09086  0.00000 0584  140.20200  36.03100
0585 0.0 1.0 0 0 1 -296.94765 -520.77530  0.00000 0585  140.16500  36.95200
0586 0.0 1.0 0 0 1 -328.80470 -516.49203  0.00000 0586  139.80600  36.98000
0587 0.0 1.0 0 0 1 -325.39264 -539.29749  0.00000 0587  139.85400  36.77600
0588 0.0 1.0 0 0 1 -298.57660 -549.60711  0.00000 0588  140.15800  36.69200
0589 0.0 1.0 0 0 1 -358.50727 -554.87647  0.00000 0589  139.49100  36.62400
0590 0.0 1.0 0 0 1 -297.27346 -566.31772  0.00000 0590  140.17900  36.54200
0591 0.0 1.0 0 0 1 -439.08807 -552.03428  0.00000 0591  138.59100  36.61600
0592 0.0 1.0 0 0 1 -398.42424 -596.39659  0.00000 0592  139.06700  36.23500
0593 0.0 1.0 0 0 1 -412.84593 -605.96279  0.00000 0593  138.91200  36.14300
0594 0.0 1.0 0 0 1 -372.13931 -761.31449  0.00000 0594  139.43400  34.76200
0597 0.0 1.0 0 0 1 -394.57809 -808.07721  0.00000 0597  139.21100  34.33300
0598 0.0 1.0 0 0 1 -401.74013 -818.11277  0.00000 0598  139.13800  34.24000
0599 0.0 1.0 0 0 1 -363.28905 -835.89999  0.00000 0599  139.56200  34.09400
0600 0.0 1.0 0 0 1 -371.02898 -837.59982  0.00000 0600  139.47900  34.07600
0606 0.0 1.0 0 0 1 -435.52507 -659.73185  0.00000 0606  138.69000  35.65000
0607 0.0 1.0 0 0 1 -405.77512 -676.48438  0.00000 0607  139.02600  35.51200
0610 0.0 1.0 0 0 1 -449.22564 -588.36392  0.00000 0610  138.49900  36.28500
0612 0.0 1.0 0 0 1 -476.41098 -615.76699  0.00000 0612  138.21400  36.02600
0613 0.0 1.0 0 0 1 -443.41832 -623.28043  0.00000 0613  138.58300  35.97400
0620 0.0 1.0 0 0 1 -431.83130 -748.36620  0.00000 0620  138.77700  34.85500
0621 0.0 1.0 0 0 1 -416.24454 -710.26652  0.00000 0621  138.92800  35.20400
0622 0.0 1.0 0 0 1 -495.01705 -764.66712  0.00000 0622  138.09800  34.68000
0623 0.0 1.0 0 0 1 -487.23167 -765.30351  0.00000 0623  138.18300  34.67800
0624 0.0 1.0 0 0 1 -499.77954 -765.97001  0.00000 0624  138.04700  34.66600
0625 0.0 1.0 0 0 1 -489.68590 -769.96194  0.00000 0625  138.15900  34.63500
0626 0.0 1.0 0 0 1 -418.95973 -727.60574  0.00000 0626  138.90700  35.04700
0627 0.0 1.0 0 0 1 -307.31109 -614.63145  0.00000 0627  140.08600  36.10400
0628 0.0 1.0 0 0 1 -417.79249 -766.36620  0.00000 0628  138.93900  34.69900
0752 0.0 1.0 0 0 1 -397.77475 -562.60824  0.00000 0752  139.05700  36.53900
0753 0.0 1.0 0 0 1 -381.37201 -622.84686  0.00000 0753  139.26900  36.00400
0754 0.0 1.0 0 0 1 -389.80635 -635.82349  0.00000 0754  139.18200  35.88400
0755 0.0 1.0 0 0 1 -373.57459 -645.75224  0.00000 0755  139.36600  35.80100
0756 0.0 1.0 0 0 1 -295.62095 -705.66902  0.00000 0756  140.24900  35.28800
0758 0.0 1.0 0 0 1 -374.07443 -666.30003  0.00000 0758  139.37000  35.61600
0759 0.0 1.0 0 0 1 -353.94011 -717.69008  0.00000 0759  139.61400  35.16100
0780 0.0 1.0 0 0 1 -61.89245  343.44105  0.00000 0780  142.71800  44.78000
0781 0.0 1.0 0 0 1 -135.34878  328.99852  0.00000 0781  141.79400  44.64000
0782 0.0 1.0 0 0 1 -98.44113  297.76919  0.00000 0782  142.26500  44.36500
0783 0.0 1.0 0 0 1 -146.80194  274.66177  0.00000 0783  141.66500  44.14900
0784 0.0 1.0 0 0 1  81.05537  226.18993  0.00000 0784  144.50600  43.72300
0785 0.0 1.0 0 0 1 -171.82059  216.89644  0.00000 0785  141.37100  43.62400
0787 0.0 1.0 0 0 1 -69.38228  193.72698  0.00000 0787  142.64300  43.43200
0790 0.0 1.0 0 0 1 -115.48992  139.01986  0.00000 0790  142.08500  42.93400
0792 0.0 1.0 0 0 1 -199.06361  83.89789  0.00000 0792  141.08100  42.42100
0793 0.0 1.0 0 0 1 -28.60722  88.35038  0.00000 0793  143.15200  42.48600
0794 0.0 1.0 0 0 1 -259.46973  31.81843  0.00000 0794  140.37100  41.93500
0795 0.0 1.0 0 0 1 -175.13866 -202.50086  0.00000 0795  141.45300  39.84900
0796 0.0 1.0 0 0 1 -217.15478 -281.63880  0.00000 0796  140.98800  39.12700
0797 0.0 1.0 0 0 1 -250.65026 -407.63656  0.00000 0797  140.64600  37.98400
0799 0.0 1.0 0 0 1 -297.22372 -356.06323  0.00000 0799  140.09500  38.43400
0801 0.0 1.0 0 0 1 -364.50965 -508.69720  0.00000 0801  139.40200  37.03700
0802 0.0 1.0 0 0 1 -406.55149 -535.60660  0.00000 0802  138.94500  36.77800
0803 0.0 1.0 0 0 1 -288.62942 -372.49114  0.00000 0803  140.20000  38.28900
0804 0.0 1.0 0 0 1 -361.17899 -688.72853  0.00000 0804  139.52200  35.41900
0805 0.0 1.0 0 0 1 -376.20034 -420.19396  0.00000 0805  139.22600  37.82800
0806 0.0 1.0 0 0 1 -406.95086 -424.40957  0.00000 0806  138.88000  37.77700
0807 0.0 1.0 0 0 1 -417.31422 -454.83926  0.00000 0807  138.78000  37.49900
0809 0.0 1.0 0 0 1 -456.50305 -656.01103  0.00000 0809  138.45700  35.67400
0810 0.0 1.0 0 0 1 -404.43805 -445.34596  0.00000 0810  138.92000  37.59000
0813 0.0 1.0 0 0 1 -412.50695 -720.44773  0.00000 0813  138.97400  35.11400
0814 0.0 1.0 0 0 1 -423.46602 -763.88335  0.00000 0814  138.87600  34.71900
0815 0.0 1.0 0 0 1 -445.69279 -718.54891  0.00000 0815  138.61000  35.11700
0817 0.0 1.0 0 0 1 -482.47864 -722.23958  0.00000 0817  138.21000  35.06700
0818 0.0 1.0 0 0 1 -494.29730 -724.05624  0.00000 0818  138.08200  35.04500
0820 0.0 1.0 0 0 1 -486.77788 -746.28663  0.00000 0820  138.17700  34.84900
0838 0.0 1.0 0 0 1 -433.97404 -766.62172  0.00000 0838  138.76300  34.69000
0840 0.0 1.0 0 0 1 -472.75552 -748.46628  0.00000 0840  138.33100  34.83600
0841 0.0 1.0 0 0 1 -404.55717 -739.04302  0.00000 0841  139.07000  34.95000
0842 0.0 1.0 0 0 1 -479.48537 -734.97949  0.00000 0842  138.25000  34.95400
0844 0.0 1.0 0 0 1 -226.76187 -91.68568  0.00000 0844  140.81100  40.83400
0850 0.0 1.0 0 0 1 -95.26110  367.30016  0.00000 0850  142.29200  44.99100
0851 0.0 1.0 0 0 1 -116.70437  359.31714  0.00000 0851  142.02200  44.91600
0853 0.0 1.0 0 0 1 -73.82110  317.67149  0.00000 0853  142.57100  44.54700
0854 0.0 1.0 0 0 1 -44.98118  293.51727  0.00000 0854  142.93600  44.33200
0855 0.0 1.0 0 0 1 -129.87053  293.09228  0.00000 0855  141.87200  44.31800
0856 0.0 1.0 0 0 1 -10.77970  285.48293  0.00000 0856  143.36500  44.26100
0857 0.0 1.0 0 0 1 -87.89714  275.39283  0.00000 0857  142.40100  44.16500
0858 0.0 1.0 0 0 1 -71.96295  269.53261  0.00000 0858  142.60100  44.11400
0859 0.0 1.0 0 0 1  119.69016  264.77834  0.00000 0859  144.99400  44.06500
0860 0.0 1.0 0 0 1 -131.33544  263.55411  0.00000 0860  141.86100  44.05200
0861 0.0 1.0 0 0 1  2.73093  246.47608  0.00000 0861  143.53400  43.91000
0862 0.0 1.0 0 0 1 -101.48204  244.91515  0.00000 0862  142.23700  43.88900
0863 0.0 1.0 0 0 1 -25.95728  243.08189  0.00000 0863  143.17700  43.87900
0864 0.0 1.0 0 0 1  125.30320  234.76210  0.00000 0864  145.05700  43.79400
0865 0.0 1.0 0 0 1 -110.21718  226.93947  0.00000 0865  142.13200  43.72600
0866 0.0 1.0 0 0 1 -9.59010  224.26240  0.00000 0866  143.38100  43.71000
0868 0.0 1.0 0 0 1  39.69253  217.15148  0.00000 0868  143.99200  43.64500
0869 0.0 1.0 0 0 1  138.96757  208.57931  0.00000 0869  145.22000  43.55600
0870 0.0 1.0 0 0 1  98.50504  206.75536  0.00000 0870  144.71900  43.54600
0871 0.0 1.0 0 0 1 -106.06217  204.20306  0.00000 0871  142.18800  43.52200
0872 0.0 1.0 0 0 1 -152.26778  203.08674  0.00000 0872  141.61700  43.50400
0873 0.0 1.0 0 0 1  20.54949  198.06853  0.00000 0873  143.75400  43.47400
0874 0.0 1.0 0 0 1 -25.36769  186.08702  0.00000 0874  143.18700  43.36600
0875 0.0 1.0 0 0 1 -253.22288  185.75950  0.00000 0875  140.37800  43.32100
0876 0.0 1.0 0 0 1 -174.93461  174.39898  0.00000 0876  141.34600  43.24100
0877 0.0 1.0 0 0 1 -150.13147  171.58448  0.00000 0877  141.65200  43.22100
0878 0.0 1.0 0 0 1  119.50932  170.64572  0.00000 0878  144.97100  43.21800
0879 0.0 1.0 0 0 1 -38.37605  164.48564  0.00000 0879  143.02800  43.17100
0880 0.0 1.0 0 0 1 -75.86532  164.13245  0.00000 0880  142.56700  43.16500
0881 0.0 1.0 0 0 1  81.00915  162.41389  0.00000 0881  144.49600  43.14900
0882 0.0 1.0 0 0 1 -186.85553  163.48698  0.00000 0882  141.20300  43.14000
0883 0.0 1.0 0 0 1  7.97399  159.16163  0.00000 0883  143.59800  43.12400
0884 0.0 1.0 0 0 1 -218.94787  158.10082  0.00000 0884  140.81100  43.08300
0885 0.0 1.0 0 0 1 -79.06095  133.72850  0.00000 0885  142.53200  42.89100
0886 0.0 1.0 0 0 1  12.75983  123.17952  0.00000 0886  143.65600  42.80000
0887 0.0 1.0 0 0 1 -44.65730  123.64504  0.00000 0887  142.95400  42.80300
0888 0.0 1.0 0 0 1 -285.83780  116.27547  0.00000 0888  140.01200  42.68500
0889 0.0 1.0 0 0 1 -15.32632  109.18958  0.00000 0889  143.31300  42.67400
0890 0.0 1.0 0 0 1 -90.65641  96.43298  0.00000 0890  142.39600  42.55400
0891 0.0 1.0 0 0 1 -60.37310  65.33828  0.00000 0891  142.76800  42.27700
0892 0.0 1.0 0 0 1 -213.83708  8.73860  0.00000 0892  140.92900  41.74100
0893 0.0 1.0 0 0 1 -246.72483  6.45768  0.00000 0893  140.53500  41.71100
0894 0.0 1.0 0 0 1 -200.96140 -22.19710  0.00000 0894  141.09400  41.46600
0895 0.0 1.0 0 0 1 -211.00389 -51.47590  0.00000 0895  140.98400  41.20000
0896 0.0 1.0 0 0 1 -177.39277 -56.70094  0.00000 0896  141.38600  41.16100
0897 0.0 1.0 0 0 1 -269.19620 -58.24033  0.00000 0897  140.29400  41.12200
0898 0.0 1.0 0 0 1 -294.69033 -100.75231  0.00000 0898  140.01100  40.73100
0901 0.0 1.0 0 0 1 -183.70954 -128.98460  0.00000 0901  141.33200  40.50900
0902 0.0 1.0 0 0 1 -216.95587 -134.87507  0.00000 0902  140.94200  40.44800
0903 0.0 1.0 0 0 1 -171.34395 -155.71443  0.00000 0903  141.48500  40.27100
0904 0.0 1.0 0 0 1 -209.17909 -172.98440  0.00000 0904  141.04600  40.10700
0905 0.0 1.0 0 0 1 -156.97796 -189.34479  0.00000 0905  141.66200  39.97100
0907 0.0 1.0 0 0 1 -177.98654 -225.75962  0.00000 0907  141.42600  39.63900
0908 0.0 1.0 0 0 1 -228.90413 -233.86468  0.00000 0908  140.83600  39.55400
0909 0.0 1.0 0 0 1 -189.87350 -244.80359  0.00000 0909  141.29300  39.46500
0910 0.0 1.0 0 0 1 -188.85471 -270.37358  0.00000 0910  141.31200  39.23500
0911 0.0 1.0 0 0 1 -181.74216 -295.30654  0.00000 0911  141.40100  39.01200
0912 0.0 1.0 0 0 1 -203.61265 -296.66193  0.00000 0912  141.14900  38.99500
0913 0.0 1.0 0 0 1 -231.18192 -302.68133  0.00000 0913  140.83300  38.93400
0914 0.0 1.0 0 0 1 -189.64055 -324.99454  0.00000 0914  141.31800  38.74300
0915 0.0 1.0 0 0 1 -217.10610 -330.62625  0.00000 0915  141.00400  38.68600
0916 0.0 1.0 0 0 1 -203.51876 -333.75990  0.00000 0916  141.16100  38.66100
0917 0.0 1.0 0 0 1 -241.49792 -342.59217  0.00000 0917  140.72800  38.57200
0918 0.0 1.0 0 0 1 -191.47391 -350.82504  0.00000 0918  141.30400  38.51000
0920 0.0 1.0 0 0 1 -243.96996 -425.49942  0.00000 0920  140.72800  37.82500
0921 0.0 1.0 0 0 1 -294.96401 -144.33989  0.00000 0921  140.02800  40.33900
0922 0.0 1.0 0 0 1 -263.27784 -162.85532  0.00000 0922  140.40800  40.18300
0923 0.0 1.0 0 0 1 -297.96092 -170.80235  0.00000 0923  140.00500  40.10000
0924 0.0 1.0 0 0 1 -253.34256 -192.31557  0.00000 0924  140.53600  39.92100
0925 0.0 1.0 0 0 1 -296.22167 -234.47637  0.00000 0925  140.05400  39.52800
0926 0.0 1.0 0 0 1 -249.69365 -238.33534  0.00000 0926  140.59600  39.50800
0927 0.0 1.0 0 0 1 -277.78897 -260.83662  0.00000 0927  140.27900  39.29700
0928 0.0 1.0 0 0 1 -240.69401 -278.84345  0.00000 0928  140.71500  39.14600
0929 0.0 1.0 0 0 1 -264.20247 -288.31380  0.00000 0929  140.44700  39.05400
0930 0.0 1.0 0 0 1 -287.52162 -300.39369  0.00000 0930  140.18300  38.93800
0931 0.0 1.0 0 0 1 -260.97465 -321.98144  0.00000 0931  140.49700  38.75200
0932 0.0 1.0 0 0 1 -332.66716 -324.98619  0.00000 0932  139.67500  38.70100
0933 0.0 1.0 0 0 1 -285.45687 -334.92581  0.00000 0933  140.22100  38.62800
0934 0.0 1.0 0 0 1 -272.09912 -386.28568  0.00000 0934  140.39400  38.17000
0935 0.0 1.0 0 0 1 -318.30235 -412.29389  0.00000 0935  139.87900  37.92100
0936 0.0 1.0 0 0 1 -268.67814 -423.84296  0.00000 0936  140.44700  37.83300
0937 0.0 1.0 0 0 1 -311.08881 -440.58158  0.00000 0937  139.97300  37.66900
0938 0.0 1.0 0 0 1 -258.51183 -451.05138  0.00000 0938  140.57200  37.59100
0939 0.0 1.0 0 0 1 -324.07423 -463.20720  0.00000 0939  139.83600  37.46100
0940 0.0 1.0 0 0 1 -268.57055 -466.95260  0.00000 0940  140.46400  37.44500
0941 0.0 1.0 0 0 1 -337.95066 -477.66706  0.00000 0941  139.68600  37.32600
0942 0.0 1.0 0 0 1 -291.36629 -483.07943  0.00000 0942  140.21300  37.29300
0943 0.0 1.0 0 0 1 -270.55603 -492.88402  0.00000 0943  140.45100  37.21100
0944 0.0 1.0 0 0 1 -247.12663 -496.71266  0.00000 0944  140.71600  37.18300
0945 0.0 1.0 0 0 1 -277.89358 -513.42005  0.00000 0945  140.37600  37.02400
0946 0.0 1.0 0 0 1 -250.25211 -524.38586  0.00000 0946  140.69000  36.93300
0947 0.0 1.0 0 0 1 -278.97465 -574.25891  0.00000 0947  140.38600  36.47600
0948 0.0 1.0 0 0 1 -307.82946 -501.16342  0.00000 0948  140.03500  37.12500
0949 0.0 1.0 0 0 1 -356.10946 -527.40119  0.00000 0949  139.50500  36.87200
0950 0.0 1.0 0 0 1 -335.43853 -565.36497  0.00000 0950  139.75300  36.53800
0951 0.0 1.0 0 0 1 -322.33956 -574.86525  0.00000 0951  139.90300  36.45700
0952 0.0 1.0 0 0 1 -395.88866 -529.54234  0.00000 0952  139.06100  36.83700
0954 0.0 1.0 0 0 1 -416.21944 -555.95229  0.00000 0954  138.84800  36.59100
0955 0.0 1.0 0 0 1 -402.09975 -578.42841  0.00000 0955  139.01700  36.39500
0956 0.0 1.0 0 0 1 -381.35764 -593.48853  0.00000 0956  139.25500  36.26800
0957 0.0 1.0 0 0 1 -431.35376 -598.72724  0.00000 0957  138.70300  36.20000
0959 0.0 1.0 0 0 1 -321.74956 -720.77506  0.00000 0959  139.96800  35.14400
0960 0.0 1.0 0 0 1 -375.48045 -691.25624  0.00000 0960  139.36600  35.39100
0961 0.0 1.0 0 0 1 -387.82162 -451.70115  0.00000 0961  139.11100  37.54000
0962 0.0 1.0 0 0 1 -431.78112 -486.05634  0.00000 0962  138.63500  37.21200
0963 0.0 1.0 0 0 1 -377.70362 -494.66067  0.00000 0963  139.24700  37.15800
0964 0.0 1.0 0 0 1 -448.20888 -496.89117  0.00000 0964  138.45700  37.10700
0965 0.0 1.0 0 0 1 -285.92191 -540.37237  0.00000 0965  140.29600  36.77900
0979 0.0 1.0 0 0 1 -456.35961 -630.30174  0.00000 0979  138.44400  35.90500
0980 0.0 1.0 0 0 1 -411.43284 -649.30621  0.00000 0980  138.95000  35.75400
0981 0.0 1.0 0 0 1 -444.04773 -679.56757  0.00000 0981  138.60700  35.46800
0982 0.0 1.0 0 0 1 -434.77473 -525.42494  0.00000 0982  138.62400  36.85700
0983 0.0 1.0 0 0 1 -482.74250 -539.55797  0.00000 0983  138.09700  36.70700
0984 0.0 1.0 0 0 1 -481.73278 -560.00236  0.00000 0984  138.12100  36.52400
0985 0.0 1.0 0 0 1 -461.32329 -590.40423  0.00000 0985  138.36600  36.26100
0987 0.0 1.0 0 0 1 -487.96454 -631.61997  0.00000 0987  138.09600  35.87800
2005 0.0 1.0 0 0 1 -133.77530  205.47350  0.00000 2005  141.84500  43.52900
2106 0.0 1.0 0 0 1 -403.18160 -732.76495  0.00000 2106  139.08200  35.00700
2107 0.0 1.0 0 0 1 -401.52573 -736.72999  0.00000 2107  139.10200  34.97200
2110 0.0 1.0 0 0 1 -307.21328 -614.41267  0.00000 2110  140.08700  36.10600
3001 0.0 1.0 0 0 1 -355.43932 -591.58133  0.00000 3001  139.54200  36.29500
3002 0.0 1.0 0 0 1 -298.78429 -597.26209  0.00000 3002  140.17400  36.26300
3003 0.0 1.0 0 0 1 -331.65517 -602.63217  0.00000 3003  139.81100  36.20400
3004 0.0 1.0 0 0 1 -265.81293 -607.43459  0.00000 3004  140.54400  36.18100
3005 0.0 1.0 0 0 1 -373.96484 -610.15474  0.00000 3005  139.34500  36.12100
3006 0.0 1.0 0 0 1 -284.19480 -616.18750  0.00000 3006  140.34300  36.09700
3007 0.0 1.0 0 0 1 -347.82046 -615.00967  0.00000 3007  139.63700  36.08700
3008 0.0 1.0 0 0 1 -333.45717 -624.01283  0.00000 3008  139.80000  36.01100
3009 0.0 1.0 0 0 1 -256.19845 -632.81599  0.00000 3009  140.65900  35.95500
3010 0.0 1.0 0 0 1 -279.23843 -630.45158  0.00000 3010  140.40300  35.97000
3011 0.0 1.0 0 0 1 -364.14299 -632.24764  0.00000 3011  139.46400  35.92600
3012 0.0 1.0 0 0 1 -316.33871 -632.53285  0.00000 3012  139.99300  35.94000
3013 0.0 1.0 0 0 1 -347.12468 -631.71001  0.00000 3013  139.65200  35.93700
3014 0.0 1.0 0 0 1 -302.87359 -640.33665  0.00000 3014  140.14500  35.87400
3015 0.0 1.0 0 0 1 -279.46196 -648.99154  0.00000 3015  140.40700  35.80300
3016 0.0 1.0 0 0 1 -333.24929 -649.69146  0.00000 3016  139.81300  35.78000
3018 0.0 1.0 0 0 1 -314.05636 -649.72400  0.00000 3018  140.02500  35.78600
3019 0.0 1.0 0 0 1 -362.95610 -656.30907  0.00000 3019  139.48800  35.71000
3020 0.0 1.0 0 0 1 -288.08606 -658.26765  0.00000 3020  140.31500  35.71700
3021 0.0 1.0 0 0 1 -257.85493 -652.53207  0.00000 3021  140.64700  35.77700
3022 0.0 1.0 0 0 1 -240.83162 -658.67128  0.00000 3022  140.83700  35.72600
3023 0.0 1.0 0 0 1 -325.62750 -661.64097  0.00000 3023  139.90200  35.67500
3024 0.0 1.0 0 0 1 -276.30994 -666.96950  0.00000 3024  140.44800  35.64200
3025 0.0 1.0 0 0 1 -300.31230 -677.08027  0.00000 3025  140.18700  35.54400
3026 0.0 1.0 0 0 1 -346.84431 -673.28871  0.00000 3026  139.67300  35.56300
3027 0.0 1.0 0 0 1 -288.48345 -679.02359  0.00000 3027  140.31800  35.53000
3028 0.0 1.0 0 0 1 -365.62360 -677.21053  0.00000 3028  139.46800  35.52100
3029 0.0 1.0 0 0 1 -378.95789 -680.88192  0.00000 3029  139.32300  35.48300
3030 0.0 1.0 0 0 1 -313.01615 -687.31027  0.00000 3030  140.05100  35.44800
3031 0.0 1.0 0 0 1 -404.53527 -687.32912  0.00000 3031  139.04500  35.41500
3032 0.0 1.0 0 0 1 -349.11487 -687.31515  0.00000 3032  139.65400  35.43600
3033 0.0 1.0 0 0 1 -287.14641 -691.17173  0.00000 3033  140.33700  35.42100
3034 0.0 1.0 0 0 1 -366.68121 -698.73290  0.00000 3034  139.46600  35.32700
3035 0.0 1.0 0 0 1 -385.24858 -700.40611  0.00000 3035  139.26300  35.30500
3036 0.0 1.0 0 0 1 -334.00373 -701.66693  0.00000 3036  139.82600  35.31200
3037 0.0 1.0 0 0 1 -304.73125 -700.36850  0.00000 3037  140.14700  35.33300
3038 0.0 1.0 0 0 1 -419.82745 -696.97468  0.00000 3038  138.88200  35.32200
3039 0.0 1.0 0 0 1 -333.05057 -720.36831  0.00000 3039  139.84400  35.14400
3041 0.0 1.0 0 0 1 -294.33150 -719.26021  0.00000 3041  140.26800  35.16600
3042 0.0 1.0 0 0 1 -399.93240 -717.11680  0.00000 3042  139.11000  35.14900
3043 0.0 1.0 0 0 1 -419.09439 -720.59170  0.00000 3043  138.90200  35.11000
3044 0.0 1.0 0 0 1 -311.75534 -724.67754  0.00000 3044  140.07900  35.11200
3045 0.0 1.0 0 0 1 -322.58750 -708.41401  0.00000 3045  139.95400  35.25500
3046 0.0 1.0 0 0 1 -410.81283 -731.53528  0.00000 3046  138.99800  35.01500
3047 0.0 1.0 0 0 1 -331.99365 -741.51624  0.00000 3047  139.86400  34.95400
3048 0.0 1.0 0 0 1 -399.03592 -740.50846  0.00000 3048  139.13100  34.93900
3049 0.0 1.0 0 0 1 -417.98068 -742.22187  0.00000 3049  138.92500  34.91600
3052 0.0 1.0 0 0 1 -501.71511 -752.49980  0.00000 3052  138.01800  34.78600
3053 0.0 1.0 0 0 1 -412.85922 -760.80478  0.00000 3053  138.99000  34.75100
3055 0.0 1.0 0 0 1 -372.56645 -769.63347  0.00000 3055  139.43300  34.68700
3057 0.0 1.0 0 0 1 -390.07096 -803.93047  0.00000 3057  139.25800  34.37200
3058 0.0 1.0 0 0 1 -402.29852 -822.53610  0.00000 3058  139.13400  34.20000
3059 0.0 1.0 0 0 1 -368.52610 -832.69701  0.00000 3059  139.50400  34.12100
3060 0.0 1.0 0 0 1 -364.82332 -839.73007  0.00000 3060  139.54700  34.05900
3061 0.0 1.0 0 0 1 -409.81383 -741.92329  0.00000 3061  139.01400  34.92200
3062 0.0 1.0 0 0 1 -399.97083 -747.25079  0.00000 3062  139.12400  34.87800
3063 0.0 1.0 0 0 1 -382.80356 -653.92122  0.00000 3063  139.26800  35.72400
3064 0.0 1.0 0 0 1 -409.74847 -663.95649  0.00000 3064  138.97600  35.62300
3065 0.0 1.0 0 0 1 -393.40799 -666.13695  0.00000 3065  139.15700  35.61000
3066 0.0 1.0 0 0 1 -389.92993 -686.41693  0.00000 3066  139.20500  35.42900
3067 0.0 1.0 0 0 1 -348.83998 -706.10748  0.00000 3067  139.66500  35.26700
3068 0.0 1.0 0 0 1 -405.01244 -706.10391  0.00000 3068  139.04900  35.24600
3069 0.0 1.0 0 0 1 -458.89805 -681.49255  0.00000 3069  138.44500  35.44400
3070 0.0 1.0 0 0 1 -425.09547 -677.25819  0.00000 3070  138.81400  35.49700
3071 0.0 1.0 0 0 1 -448.63053 -691.13754  0.00000 3071  138.56300  35.36200
3072 0.0 1.0 0 0 1 -430.01076 -698.27567  0.00000 3072  138.77100  35.30600
3073 0.0 1.0 0 0 1 -459.68419 -698.70677  0.00000 3073  138.44600  35.28900
3075 0.0 1.0 0 0 1 -444.58665 -709.03265  0.00000 3075  138.61700  35.20300
3076 0.0 1.0 0 0 1 -435.17338 -712.71602  0.00000 3076  138.72200  35.17400
3077 0.0 1.0 0 0 1 -453.72317 -723.71681  0.00000 3077  138.52500  35.06700
3078 0.0 1.0 0 0 1 -467.75799 -718.99953  0.00000 3078  138.36900  35.10300
3079 0.0 1.0 0 0 1 -489.10511 -717.76569  0.00000 3079  138.13500  35.10400
3081 0.0 1.0 0 0 1 -467.57397 -731.47710  0.00000 3081  138.37800  34.99100
3085 0.0 1.0 0 0 1 -431.41875 -757.17421  0.00000 3085  138.78600  34.77600
3086 0.0 1.0 0 0 1 -427.50740 -775.82193  0.00000 3086  138.83800  34.61000
3088 0.0 1.0 0 0 1 -495.56875 -735.68165  0.00000 3088  138.07500  34.94000
3091 0.0 1.0 0 0 1 -490.97852 -756.19674  0.00000 3091  138.13700  34.75800
3092 0.0 1.0 0 0 1 -482.93873 -758.84839  0.00000 3092  138.22600  34.73800
3093 0.0 1.0 0 0 1 -498.84337 -760.56338  0.00000 3093  138.05400  34.71500
3094 0.0 1.0 0 0 1 -492.39205 -768.92755  0.00000 3094  138.12900  34.64300
5105 0.0 1.0 0 0 1 -394.89095 -729.34640  0.00000 5105  139.17100  35.04100
STK2 0.0 1.0 0 0 1 -133.77530  205.47350  0.00000 STK2  141.84500  43.52900
TSK2 0.0 1.0 0 0 1 -307.21328 -614.41267  0.00000 TSK2  140.08700  36.10600
TSKB 0.0 1.0 0 0 1 -307.21328 -614.41267  0.00000 TSKB  140.08700  36.10600
USUD 0.0 1.0 0 0 1 -462.43446 -604.59865  0.00000 USUD  138.36200  36.13300
