0001 45.40299225332 141.7504353871 74.6680
0002 44.43368588796 143.2241793414 54.5593
0003 44.39795063922 141.7563127988 54.7526
0004 43.91568993720 144.6758416858 39.2010
0005 43.50785979447 144.4490081256 177.2509
0007 43.58965765785 142.4824790546 283.5752
0008 43.85401014346 141.5103729008 51.6935
0009 43.07007920615 145.1296208016 78.4649
0010 42.96326164371 144.4319356539 69.3230
0011 43.02862526649 143.4592312610 60.5698
0012 42.98051483170 142.4019726073 390.6610
0013 43.17785283280 141.0309160091 112.5126
0014 42.98325228195 141.7306714870 85.3375
0015 42.32159428576 143.3310038258 50.5644
0016 42.35690362034 142.3646048569 68.7511
0017 42.45073398271 139.8576689786 74.6528
0018 42.37421436145 140.9424067358 143.5121
0019 42.00585551076 143.1565314115 45.5257
0020 42.15354519942 139.5196014539 68.5123
0021 42.00807340499 140.1073249033 78.8212
0022 41.82607185635 140.7478272514 82.9519
0023 41.46637516618 140.0406538971 127.6218
0024 41.30077054009 141.2132767898 58.0594
0026 40.77898188589 140.2729850120 61.3958
0027 40.13344857768 141.7890958803 92.0069
0028 39.57238551627 141.9399620672 50.1619
0029 39.11062421371 141.2039190830 172.2371
0030 39.96790005277 139.7761561117 69.4136
0031 39.39869259030 140.0482512191 67.9017
0032 38.89459946676 139.8088635153 51.2833
0033 38.75859051621 140.3187543101 181.4085
0035 38.33102356573 140.3661069183 166.1302
0036 38.44919506582 141.4411635565 78.5776
0037 38.31748669241 140.9541842569 73.5169
0038 37.80066701361 140.9081132932 72.1586
0040 37.64369504574 139.7915175503 239.3485
0041 37.09071056983 140.9025367276 207.9700
0042 36.53992702845 140.6118493190 152.3836
0043 36.40184772490 139.7264277013 100.4891
0044 36.69702684912 138.9062681826 595.2328
0045 36.25903225630 138.8654082754 222.8336
0046 36.49976656665 137.8511241865 770.9190
0047 35.92358070762 137.9438082303 904.1678
0048 35.59033566849 138.5832992547 387.6554
0049 38.23068733931 139.5095793298 74.1555
0050 37.89646989319 138.9888718909 50.7520
0051 37.39767913643 138.5744019145 50.2083
0052 36.92895771665 137.4872320927 66.6200
0053 37.38237541331 136.8891681092 51.3170
0054 36.66341196486 136.6499410134 89.6990
0055 36.23117249203 136.1729753543 63.7339
0056 35.60256077431 136.1058084602 120.7537
0057 35.54990377107 135.2333843518 44.1748
0058 36.13599296478 137.3479114768 812.9571
0059 35.80048370407 137.2483740084 406.4213
0060 35.52607197394 136.9000252607 101.2953
0061 35.39676491006 137.4675742542 534.1819
0062 35.09472746770 136.1582322535 155.0702
0063 35.12810902915 137.0412853116 100.9573
0064 34.75899803669 136.5022917158 46.8556
0065 34.46538737930 136.8511279136 80.9513
0066 34.06065746021 136.1983644109 59.8171
0067 34.83799849176 135.5009748338 136.7550
0068 34.39230025239 135.8514086718 201.3315
0069 34.15768536647 135.2214924205 48.8005
0070 33.48336030930 135.7644135519 51.9620
0071 34.78481189798 134.5503885912 42.8801
0074 35.43387450936 133.0586542149 69.7658
0075 35.00281159237 132.2089756914 64.9288
0076 34.61649434755 131.6103745691 72.2476
0077 34.54879722959 133.5279845276 94.1499
0078 34.34035333690 132.5754400645 293.9626
0079 33.99655581849 130.9136286486 75.5532
0080 34.28602729142 134.0239045747 79.1834
0081 33.92685618350 134.6260214094 48.1389
0082 33.31589416207 134.1221254747 316.2698
0083 33.52914991541 133.5782646329 70.8504
0084 33.27289934382 133.2417926962 45.7095
0085 32.75573860389 132.9664091598 74.4089
0086 33.46900786098 132.2811801931 191.8136
0087 33.73071972149 130.4767690201 49.1627
0088 33.46154550949 131.6913707475 51.3976
0089 33.33108399133 130.9678225663 149.7059
0090 32.92458769628 131.8763759648 40.4546
0091 33.47607192062 129.8502914086 39.1100
0093 32.54640916029 130.6455974230 40.3298
0094 32.44544471602 131.6323249054 70.4096
0095 32.02175580650 131.4696761461 50.8938
0096 32.01324397952 130.1901331234 104.3134
0097 31.50376928960 130.4664524790 503.0755
0098 31.26459113186 130.2994828302 42.5077
0099 31.25853328266 131.0875341936 298.1013
0100 26.14481268985 127.7689214261 127.5343
0101 45.33582575616 142.1697371922 45.4826
0102 45.27596791420 141.0382128204 65.0706
0103 45.00239729074 142.5370892190 44.4725
0104 44.89246098598 141.7413975470 38.6775
0105 44.72849544280 142.2652469211 78.9254
0106 44.42704774038 141.3300570769 50.6873
0107 44.29456812265 142.6255889227 186.3829
0108 44.06387210660 144.0297747783 41.5480
0109 44.01918338211 145.1860947043 117.9934
0110 44.00677803776 142.1516905714 194.2513
0111 44.00561953413 143.3337006910 231.5610
0112 42.89451452735 143.9269468791 39.5162
0113 43.54939802566 144.9869633445 82.0162
0114 43.84889671532 143.7872573715 206.8372
0115 43.66182343308 145.1314349073 38.7183
0116 43.40868789874 144.7743268213 139.5458
0117 43.40467949875 141.4311755234 75.9754
0118 43.38252698254 145.1149604842 62.0753
0119 43.36685342155 145.8011315238 48.5192
0120 43.29258349030 140.5970727685 45.1441
0121 43.28947087704 143.5624241359 148.0193
0122 43.23293435687 144.3250310304 75.0086
0123 43.23199303924 143.2980199198 311.4001
0124 43.12060762288 144.1265288509 68.0159
0125 43.05759540038 144.8430234259 60.5002
0126 43.05682738630 140.4991721516 60.6752
0127 42.98525178521 140.5439385211 74.2779
0128 42.97137756707 141.2903331467 204.7328
0129 42.85788820137 140.8833424409 268.7059
0130 42.80271653320 140.6035191371 90.1052
0131 42.78643346780 140.2332038998 72.7727
0132 42.72944020804 141.8639830575 50.4315
0133 42.72723739160 142.2958062355 121.1491
0134 42.69926783715 143.1032567026 238.0429
0135 42.66787573800 141.0749558545 423.6710
0136 42.65552925621 141.6022603654 49.7294
0137 42.64628963688 140.8256843273 134.4147
0138 42.55164649810 143.4611439793 89.1069
0139 42.54979984626 141.3614809917 41.7862
0140 42.49435944953 140.3541976616 49.0008
0141 42.48127895958 142.0602230899 41.2218
0142 42.24772602993 142.5674518580 62.4592
0143 42.24367686113 140.2504822252 67.7137
0144 42.13093524200 142.9353883217 31.9940
0145 42.13085032965 140.0039522538 94.9450
0146 42.09860490856 140.5688573304 88.7668
0147 42.04296692294 140.8055420864 42.7739
0149 41.59902409252 140.3158911982 75.6119
0150 41.45529606459 140.8805074331 53.8142
0151 41.04321917694 140.6358944693 45.4648
0152 40.96824153702 141.3679653366 59.7122
0153 40.62506616287 141.1978347367 116.6954
0154 40.57764009444 139.9281207900 48.0070
0155 40.52365062198 140.5781523506 140.2779
0156 40.51535933164 141.5112819417 46.4135
0157 40.29107533218 141.0764750756 203.0667
0158 40.40519594485 141.7131399057 59.3704
0159 40.29114308410 141.2936927091 132.4844
0160 40.04859322842 141.4619537603 519.4925
0161 39.98056803727 141.2250743242 313.8793
0162 39.86937025992 141.9505421283 206.6363
0163 39.85123813655 141.1648728165 233.8914
0164 39.84916701094 141.8038641876 167.1555
0165 39.70108503377 140.9645137182 259.3633
0166 39.59657160995 141.1721050641 151.2152
0167 39.45816035058 141.9552567555 68.5851
0169 39.33804319545 141.5341833445 316.8034
0170 39.25351867218 141.7980418333 99.8842
0171 39.02378190721 141.7398458646 106.7726
0172 38.90285946837 141.5725883620 82.6119
0173 38.81534212615 140.9905809904 108.5362
0174 38.74893666476 140.8016350805 343.4182
0175 38.68269870034 141.4493696876 83.9472
0176 38.53948033617 141.1475395778 65.3820
0177 38.41175630107 140.8513687753 82.7733
0178 38.20574262317 140.6428472575 237.7532
0179 38.02965842721 140.8439881754 80.3682
0180 37.98993036062 140.4425739964 391.2670
0181 40.32504330979 140.5773549184 137.4113
0182 40.27115265459 140.2636666759 75.4023
0183 40.21543534105 140.7873413913 167.9546
0184 40.24729236272 140.0486848182 84.1971
0185 40.00687742035 140.4019878595 170.2865
0186 39.93605074331 140.1323830848 56.8909
0187 39.74915696402 140.5970547651 214.0460
0188 39.65830497774 140.2342222987 74.7365
0189 39.54928707655 140.3866356875 83.5767
0190 39.32699544408 140.5597925619 104.3394
0191 39.20605844570 139.9077274059 47.3004
0192 39.16420676534 140.1619940123 298.4627
0193 39.05189500031 140.6296064225 344.9152
0194 39.18555944577 139.5476694196 45.2409
0195 38.75971744891 139.9573861710 60.7218
0196 38.59403393831 139.8317803893 150.8849
0197 38.14617359304 139.7422624530 229.8882
0198 37.96360545363 140.0935423312 273.7859
0199 38.19754102042 140.0775894790 260.3816
0200 37.68330764352 140.4664865500 216.0120
0201 37.56055082102 140.7550992674 477.4960
0202 37.56694650809 140.0726947127 675.0028
0203 37.53369249393 141.0066097034 53.4873
0204 37.47346177897 139.5286376870 343.0744
0205 37.32546667317 140.6621331324 501.9975
0206 37.30279849775 139.3643552108 466.4161
0207 37.28148890032 139.5037775904 517.9202
0209 37.26107168251 139.8714373460 524.1362
0210 37.12629312898 140.2599416464 394.1661
0211 37.08929404320 140.5616585322 396.4729
0212 36.86209176924 140.4132832806 208.8406
0213 36.65056653018 140.2934345617 332.8800
0214 36.80030741743 140.7539294479 75.4637
0215 36.36491221809 140.0779541844 100.5126
0216 36.34436892219 140.4763428969 71.3149
0217 36.85423430419 140.0392659405 242.2755
0218 36.66598363121 139.6192539898 390.7428
0219 36.59894596811 139.9234741953 183.2636
0220 36.76969259246 139.2249094425 868.7295
0221 36.50799559472 138.5527165909 1013.8078
0222 36.42162823070 139.3303913321 195.4119
0223 35.98689126059 139.0756878689 283.9916
0224 35.89597020593 139.7959901014 48.2013
0225 35.65720615429 140.0480951488 43.6021
0226 35.24324357189 140.3849081997 43.3298
0227 35.00279152028 139.9748892585 45.9701
0228 35.66369745342 139.6306519612 82.5360
0229 35.33620818866 139.1626020403 144.2706
0230 35.26859988484 139.1424155964 64.1513
0231 38.46539030807 139.2533573667 47.4959
0232 38.31934551992 138.5130924713 85.7524
0233 38.06327889135 138.4716866796 45.9405
0234 37.92938209705 139.3514742912 64.5239
0235 37.81590140983 138.2730728037 45.1754
0236 37.68590526672 139.4778972200 116.4718
0237 37.66752301942 138.7805116268 67.9732
0238 37.66229472517 139.0591269182 58.1584
0239 37.46771796888 138.9980166478 164.7002
0240 37.31131470830 138.7899879893 103.8987
0241 37.23112180852 138.3335750587 77.4377
0242 37.16603540460 138.9337263096 176.4969
0243 37.16079055104 138.1001942840 293.2739
0244 37.07913533665 138.6087291267 447.8259
0245 37.04517320123 137.8738496228 51.8772
0246 36.99345960996 138.8308500325 307.8559
0247 36.86540415705 138.1986776574 624.4745
0248 36.74062079217 136.9961274000 49.6723
0249 36.63433637780 137.1951990173 75.1908
0250 36.57870550664 137.4398978272 629.8714
0251 36.40187909167 136.9205596697 359.4293
0252 37.85049551596 136.9192708280 49.5257
0253 37.44602707474 137.2700516139 49.9728
0255 36.39445606539 136.3889435972 47.5277
0256 36.16528908559 136.6339482543 572.3816
0257 36.14561922850 136.2789458622 54.2941
0258 35.98490799608 136.5049246689 220.9899
0259 35.94500457711 135.9897642483 113.7122
0260 35.79278202287 136.1973946549 149.8827
0261 35.53440929176 135.9076403195 60.9323
0262 35.46271441448 135.6088820166 58.5966
0263 35.85597894747 138.3163972531 888.2962
0264 35.74687525593 138.6951332917 665.0160
0265 36.80170899726 138.4361688167 731.3757
0266 36.70646892243 137.8723329339 728.5818
0267 36.66515540984 138.2474701371 385.6703
0268 36.38617644413 138.3225259499 739.0175
0269 36.34601386601 138.6377992644 990.7601
0270 36.32237142535 137.9028175404 577.9004
0271 36.20846759308 138.2164875618 863.3533
0272 36.13063974377 138.4609751500 935.9857
0273 36.12110942751 137.9830130458 811.5822
0274 35.78361778343 137.6962610249 819.7832
0275 35.55612996526 138.0383182938 770.3112
0276 35.52109193392 137.8152381102 570.6075
0277 35.31714416335 137.9252727092 441.4067
0278 35.24699931915 137.5876690124 680.1040
0279 36.33551059636 137.1471734002 520.6894
0280 36.03304833495 136.9527639429 846.0009
0281 35.97345827884 137.5348684021 1351.6287
0282 35.86694094417 136.8631821194 403.9840
0283 35.75778285578 136.9753026945 287.1732
0284 35.65718925454 137.4247737899 513.8390
0285 35.63615323475 136.4887686707 267.4743
0286 35.63289766641 136.6113951142 224.1732
0287 35.61208639384 137.1741456985 242.4573
0288 35.48832406293 136.6872832934 80.7184
0289 35.47870045372 137.1246883822 206.9787
0291 35.37170960216 136.5497435659 61.4006
0292 35.36737235482 137.1102323702 247.8769
0293 35.26196688029 137.4056070408 495.6079
0294 35.22790541988 136.5934453858 73.6741
0295 35.03151808475 137.9804160363 337.1857
0296 34.98649568950 138.5156780085 54.1762
0297 34.86558913815 138.9222542685 466.2259
0298 35.33476054276 136.9299794090 76.4732
0299 35.19010665296 136.8288329393 45.5624
0300 35.13875254331 137.2535631424 152.1521
0301 35.03946482281 137.3131645883 439.9643
0302 34.99499206965 137.0597795708 52.5159
0303 34.91974642541 137.2999392926 139.1247
0304 34.82335543281 136.8676425306 73.5896
0305 34.79487118241 137.1189984413 57.6075
0306 34.64866069539 137.2778386488 64.7230
0307 34.60923796330 137.0680667036 49.4340
0309 34.91380253896 136.6365014958 44.9682
0310 34.74287516354 136.1834517413 219.5749
0311 34.54704754441 136.5506573811 61.0810
0312 34.43313974377 136.3342587445 213.1328
0314 34.25343901453 136.8206140388 55.5136
0315 33.87513555365 136.0859013143 55.8441
0316 33.74127314276 136.0109002958 62.2689
0317 35.55733126783 136.1979463529 205.7027
0318 35.46628653373 136.0536668452 138.6383
0319 35.35125459158 135.9132085095 228.5330
0320 35.31897480034 136.0628280095 128.1846
0321 35.26944106619 136.2356140606 128.7483
0322 35.13703984230 135.8708088580 220.3821
0323 34.98638397157 136.1450388680 216.6950
0324 34.93960248554 135.9061656675 130.3243
0326 34.86932679003 136.0548286908 344.3082
0327 35.75235288490 135.1732158904 65.3451
0328 35.55568104695 134.9322863027 68.2360
0329 35.29233624337 135.1640351601 109.1130
0331 35.16378671788 135.3669053459 264.8835
0332 35.07758171568 135.5645226073 168.0791
0333 34.98857159654 135.6654372152 219.2554
0334 34.74697092425 135.8641508875 87.0626
0335 34.77783817647 135.6854536100 74.4055
0336 34.67790630550 135.5184913021 61.4945
0337 34.52730952547 135.4813428743 73.6402
0338 34.47910807530 135.6273349873 147.6719
0339 34.42480933884 135.5869468410 301.8633
0340 34.40645198330 135.3641566877 91.9709
0341 35.43674667256 134.5824942526 587.9445
0342 35.31489804835 134.8185027711 258.4313
0343 35.10528497613 135.1818987641 257.4190
0344 35.09445380688 134.5859598512 210.4413
0345 35.09078460650 134.9725888234 139.8604
0346 34.99759470046 134.4037777536 155.1911
0347 34.98468497870 134.7673013683 124.7357
0348 34.97678935195 135.3259965478 232.6706
0349 34.94479255824 135.1764177447 219.9363
0350 34.89726580911 134.5452365063 79.0039
0351 34.81218894575 135.2159061736 312.4467
0352 34.80491667316 134.9972342936 100.3855
0353 34.79090431583 135.3417791738 130.0288
0354 34.78696204083 134.8287792078 47.7162
0355 34.72425031039 135.3803814901 44.0901
0356 34.68698789721 135.1722887612 84.7573
0357 34.66987872887 134.5195679672 102.8077
0358 34.66973717508 134.9657060689 66.4936
0359 34.57705358320 135.0240750845 50.4234
0360 34.49331955363 134.8609723058 50.3434
0361 34.34976772922 134.8815279531 107.1467
0362 34.33432992285 134.7351911608 45.5917
0363 34.22367005618 134.7365360554 49.7507
0364 34.56703241330 136.0503863083 367.6575
0365 34.53922248164 135.7310012149 109.3387
0366 34.38830039233 135.7041746420 273.9609
0367 34.03816446137 135.9637377208 287.2175
0368 34.25613800537 135.3579629030 69.8454
0369 34.27146259489 135.0659746265 88.4458
0370 34.22182691216 135.5901208840 847.0794
0371 33.96167391461 135.3848645828 262.9486
0372 33.91385261235 135.1800844246 66.4287
0373 33.81520202505 135.7820839922 104.6207
0374 33.78548866934 135.5083965456 227.6162
0375 33.74427544446 135.3961833694 51.1462
0376 33.58391348820 135.9207096419 48.9087
0377 33.50561767514 135.5992041001 69.7495
0378 35.45675469606 134.0466706667 101.5456
0379 35.34553552389 133.4390721962 125.6027
0380 35.26586246847 134.2373678611 221.6665
0381 35.16457439987 133.3085323445 357.4480
0382 36.28529004041 133.2398805083 77.3275
0383 36.09320946279 132.9843789506 40.3198
0384 35.39261463056 132.7432143477 43.8099
0385 35.19561292806 132.9954234407 343.4275
0386 35.18595414718 132.5073211153 74.6272
0387 35.01977266281 132.7205060670 473.9552
0388 34.76734381706 131.9231443897 65.7574
0389 35.26353835585 133.7924771939 602.8173
0390 35.09964112978 134.3196402581 321.8273
0391 35.02088126347 134.2347699989 228.2891
0392 35.00296132126 133.7345021929 172.2169
0393 34.98254330862 133.9608624971 202.3187
0394 34.80969215391 133.5980898680 471.6798
0395 34.79138439343 133.9290485503 113.5640
0396 34.65772359994 134.1657605273 153.9293
0397 34.43856916137 133.7967334301 59.6073
0398 34.94344952449 133.1202297473 392.1359
0399 34.72689832117 132.2773346586 622.1870
0400 34.67881506815 132.5402405336 311.2057
0401 34.67245234481 133.1075345279 417.9130
0402 34.57130103504 132.8240013697 426.5483
0403 34.53915756177 132.4634688339 194.5895
0405 34.37868325522 133.0098002221 61.2914
0407 34.43985951999 131.4165452664 53.7430
0408 34.29460765278 130.9431446479 126.8900
0409 34.28373565346 131.5627884771 305.9706
0410 34.25908110503 131.9532875864 158.5483
0411 34.18948973902 131.3460814114 135.8622
0412 34.05723987267 131.5308215275 44.1412
0413 33.97771333867 131.2860407974 104.7131
0414 33.97506824281 132.1044422936 45.2551
0415 34.09698940701 134.3519717022 65.1455
0416 34.05990617068 134.5601391712 42.7987
0417 34.05149961029 134.0491793785 115.0966
0418 34.03841699951 134.2302306986 87.1762
0419 33.93667382339 133.6812856223 833.2915
0420 33.87893116621 134.3891045992 326.7901
0421 33.87751578483 134.0581947447 1410.0596
0422 33.83024104445 134.6677940043 47.2827
0423 33.72508840825 134.5330054628 44.4265
0424 33.61849820924 134.3720269023 51.4547
0425 34.47237442341 134.3142053495 44.0651
0426 34.25457809304 134.2419805757 141.3843
0427 34.21739411840 133.7150655173 52.3338
0428 34.06807476948 133.6475181940 59.1168
0429 34.16416803638 133.9255049134 221.3918
0430 34.07788704646 132.9902327037 41.8783
0431 33.93866127879 133.5382353777 760.7250
0432 33.92120473181 133.2013144353 43.1564
0433 33.79649658309 132.9116435253 172.2870
0434 33.72259711718 132.6839695534 89.2522
0435 33.56922354469 132.9378806012 1545.3653
0436 33.44676423051 132.6934116393 239.2690
0437 32.96390424338 132.5618229706 49.3290
0438 33.76697628304 133.6557723004 377.0685
0439 33.65415311917 133.8050256676 206.6720
0440 33.60378718532 134.1069056909 500.8525
0441 33.52776020999 134.2808021503 49.3301
0442 33.50573556687 133.9036471629 49.6736
0443 33.46840141848 133.2809142328 148.9922
0444 33.42779611632 134.0071336439 45.7157
0445 33.40770412978 133.4029835844 179.5057
0447 33.17164656603 132.7926957099 111.9265
0448 32.99123186382 132.9992318861 60.1057
0449 32.84060713678 132.7037271377 116.7531
0450 33.53614222841 130.2508215271 78.1052
0451 33.50037797300 130.5219601036 87.6933
0452 33.46546059287 130.8287522291 527.5744
0453 33.20587434421 130.5646453274 69.7918
0454 33.27485107491 130.2687188511 42.8449
0455 33.09847497327 130.0941687498 52.6258
0456 34.65555136997 129.4820617840 67.8771
0457 34.26820550680 129.3115028767 43.3909
0458 33.74265527387 129.7347254080 127.9430
0459 33.36220253486 129.5370141992 172.3946
0460 33.06310134887 129.6906582943 111.4849
0461 32.87068629599 130.2713322046 43.2962
0462 32.66938448194 128.8431165902 150.8381
0463 32.63691455445 130.1546062892 71.1698
0464 32.93349540285 130.5477243164 51.4809
0465 32.84209863513 130.7647958598 92.2422
0466 32.74064940051 131.0993039561 725.2661
0467 32.32624107148 129.9872980282 66.6428
0468 32.29915679846 130.5068324764 42.8226
0469 32.23867326781 130.8026229662 193.5577
0470 33.67119325755 131.5641659901 39.8642
0471 33.49623358263 131.1689325459 129.1373
0472 33.25404259733 131.3472778200 487.8947
0473 33.23943545460 131.7980655450 54.4339
0474 33.00902726002 131.2860860192 579.8822
0475 32.98685747837 131.5878435651 200.5165
0476 32.70401669096 131.7568414340 580.3704
0477 32.68483348618 131.3276153816 346.4870
0478 32.45664015081 131.1488667209 617.9002
0479 32.24585577400 131.1852248687 943.0922
0480 32.17043268841 131.5158465925 97.1379
0481 31.96504838668 131.0785691405 215.8741
0482 31.74031419305 131.0215144897 201.4365
0483 31.67654579960 131.3688679791 83.8931
0484 31.46937577896 131.2173910489 60.1524
0485 32.05750144917 130.5978153365 215.7273
0486 31.85552773564 130.7596738271 254.5393
0487 31.76868311102 129.7954420963 51.4467
0488 31.71737824924 130.2781468627 62.3039
0489 31.61737534671 130.8360671390 451.2949
0490 31.23522405216 130.6403583719 46.7226
0491 31.10620461803 130.7230593090 368.0654
0492 30.53086656686 130.9642198355 129.5384
0493 30.38172129266 130.6383760460 177.4131
0494 28.39908749478 129.4890245462 199.3413
0495 27.03218310168 128.4323269161 119.8860
0496 26.69480977070 127.8984491351 71.4199
0497 25.83121268340 131.2277994864 54.7617
0498 24.75311879776 125.3737973029 127.0505
0499 24.45416472318 122.9428442861 47.3932
0500 24.42627101116 123.7920363181 40.5948
0501 45.13771142060 141.1670971035 56.3058
0502 44.58204218335 142.9644617937 45.9356
0503 44.21972168640 143.6156697898 39.6406
0504 44.19194231441 143.0768188950 169.1713
0505 43.98878864735 144.2933018716 71.6479
0506 43.90840494690 142.5777151669 250.3285
0507 43.82807819517 144.1152547224 50.5389
0508 43.73852297232 142.4096098381 176.1292
0509 43.74083976814 141.8738469175 96.7038
0510 43.77141353360 142.9030198052 527.1773
0511 43.67050159647 143.5781555844 266.1421
0512 43.23210481556 145.2589504521 73.5815
0513 43.43883578210 144.0796214937 467.7958
0514 43.33626444704 142.3953472957 210.8410
0515 43.30700922472 144.5976601764 70.6308
0516 43.24841064424 141.8909329407 77.8823
0517 43.20950814471 140.8606174090 41.1142
0518 43.16552770302 142.8097298491 442.0084
0519 43.19516488418 145.5204962444 83.3485
0520 43.07758816050 141.5401164245 54.6138
0521 42.93886014665 143.1705665684 74.0570
0522 42.88443084598 141.5774169822 67.2037
0523 42.77318916749 141.4070934767 329.1390
0525 42.55137886202 140.7676238368 59.4879
0526 42.47390109303 140.8763725926 56.3183
0527 42.06050348140 139.4461503294 59.3027
0528 42.12314225129 140.6668689497 45.6399
0529 41.97668579433 140.7154371901 203.7360
0530 41.80302548546 140.0712306487 74.2126
0531 42.98257082549 144.7191472371 52.8851
0532 42.12558694763 143.3156953693 30.0207
0533 41.40470427897 141.4475889316 66.4000
0534 41.18507659863 140.4907688123 45.1061
0535 41.14554426184 140.8219869640 57.3168
0537 40.86235796659 141.1318098974 69.7631
0538 40.70627284585 140.5892285820 67.2182
0539 40.67639478644 141.3762138393 87.2754
0540 40.62434208383 140.4785313903 66.7956
0541 40.64356630954 140.8033473420 743.8905
0542 40.91017467362 140.4515681519 56.2564
0543 39.95307336692 141.0663394949 318.0206
0544 39.35129220930 140.7692002664 300.8962
0546 39.14308777344 141.5754888340 124.8902
0547 39.59612438711 141.6752866803 279.6631
0548 38.54621596019 140.8478739031 78.5276
0549 38.42505736518 141.2129096274 49.0171
0550 38.30118653297 141.5006852365 116.5023
0551 39.89113134759 139.8489412018 65.8687
0552 39.82580489444 140.0447303801 56.7541
0553 39.70267457222 140.7328607931 283.1270
0554 39.19909029279 140.5067065854 138.5906
0555 39.01596833001 139.9275074080 66.6646
0556 38.49676507538 140.3651725135 130.3876
0557 38.14809383487 140.2711565908 225.0941
0559 37.61595165599 140.2056684787 773.9962
0560 37.62072955147 140.3728984648 610.8264
0561 37.42450656007 140.1358912767 564.2291
0563 37.09724866586 139.5861690032 799.6958
0564 38.05618213021 139.4616954268 114.6048
0565 38.02368661227 138.3698870513 60.5332
0566 37.53583134249 138.7069447962 82.6823
0567 37.34853943155 138.5163735170 55.6200
0568 37.31987063575 139.0202582157 222.2966
0569 37.05668144068 138.2425897790 73.3237
0570 36.95087136142 137.8938738930 236.5777
0571 37.75206344009 139.0739165290 48.2577
0572 36.73695830302 137.3695168947 66.5732
0573 36.64956173263 137.0318997316 88.6515
0574 37.30696963458 137.1385461925 128.0415
0575 37.15674383677 136.7187616158 48.9390
0576 37.12315617479 136.9960702495 73.6295
0577 36.81747840257 136.7556526403 60.1550
0578 36.37006887545 136.6053349176 223.5883
0579 35.96888705350 136.1849929266 54.1762
0580 35.83684103874 136.0559836580 78.1094
0581 36.74302575822 140.4976115501 312.1672
0582 36.30070547705 139.9877725192 76.2394
0583 36.11481395599 139.9315042809 67.5667
0584 36.03133999539 140.2024495301 70.8156
0585 36.95230623275 140.1647695931 303.4613
0586 36.97958149292 139.8057570031 610.4123
0587 36.77637181087 139.8542653529 302.3804
0588 36.69245527033 140.1576999959 154.9326
0589 36.62417448884 139.4905959704 1335.6587
0590 36.54221616339 140.1793172658 178.6388
0591 36.61631806064 138.5914486858 1277.0204
0592 36.23467069057 139.0666448859 178.5706
0593 36.14275366099 138.9124213437 964.0139
0594 34.76154363890 139.4340172420 139.9856
0595 34.73761343905 139.3585857839 86.4377
0596 34.51963357938 139.2709318078 301.6510
0597 34.33312108378 139.2109384777 78.6172
0598 34.23991383049 139.1375747520 53.2256
0599 34.09376361215 139.5617634274 80.3818
0600 34.07578122639 139.4788051684 77.3784
0601 33.88412404331 139.6128520140 466.3127
0602 32.46350206997 139.7646156777 381.1351
0603 26.63515098563 142.1627574220 83.4610
0604 24.78018632123 141.3243694665 170.4489
0605 24.75079788600 141.2888281243 214.1978
0606 35.64951851527 138.6903823520 383.9352
0607 35.51186829770 139.0257772463 738.6315
0608 36.23902964859 137.9845517888 648.0181
0609 36.22836917937 137.8717516402 691.4984
0610 36.28471359149 138.4992829986 790.9795
0611 36.08466345736 137.6826282068 1133.3835
0612 36.02616289657 138.2144854196 1025.0038
0613 35.97414741699 138.5830285077 1238.6687
0614 35.88000318215 137.5982750805 995.6997
0615 35.72629303890 137.9838902129 700.1435
0616 35.34373112306 137.6763957636 1500.8565
0617 36.26146787387 136.9042714407 573.2326
0618 36.28564270943 137.3630211971 675.7764
0619 35.91163452512 137.2006696282 500.2268
0620 34.85503352674 138.7765236595 52.1247
0621 35.20439460297 138.9283555607 308.4654
0622 34.67992317841 138.0982888292 52.2558
0623 34.67775252652 138.1829641990 151.6734
0624 34.66641021995 138.0465227270 53.2839
0625 34.63454028047 138.1590382750 64.8634
0626 35.04724308344 138.9068941119 48.7229
0627 36.10363547321 140.0863130892 69.6766
0628 34.69890422252 138.9393258956 54.7298
0629 35.23908635560 137.0735660344 156.6531
0630 35.16842173930 136.9658018795 95.7969
0631 34.98439362356 136.8627496805 54.8778
0632 34.90438502044 136.8318779679 47.0861
0633 35.05091128306 136.6942510495 43.1742
0634 34.85490117163 136.3932598407 144.0351
0635 34.64874930672 136.3297595104 107.7898
0636 34.43144182566 136.6283994598 67.8741
0637 34.20815682723 136.3429319664 47.0816
0638 35.42035649342 136.2647470177 135.9923
0639 35.08572337945 136.0411996289 135.0030
0640 35.68507787092 135.0340485304 49.8312
0641 35.48221426759 135.4158313424 46.5180
0642 35.27585940667 135.5495232049 231.6590
0643 35.05313666892 135.7733030705 112.5755
0644 34.95264228936 135.7723951191 76.9226
0645 35.62120142700 134.6773791269 70.2251
0646 35.46126176669 134.7287120074 124.8286
0647 35.23787997077 135.0220347708 162.3869
0648 35.16274289459 134.7712221639 417.8473
0649 34.93618899138 134.9450343829 101.0230
0650 34.31184012542 135.5283491055 188.7860
0652 34.02539085421 135.1677442849 47.1143
0653 33.55441147415 135.4961965248 47.8873
0654 35.43600989514 133.3396887880 46.8033
0655 35.36144251278 134.3252797866 159.3193
0656 35.56353453554 133.1378884290 44.0018
0657 34.89265745534 132.4573252586 225.0529
0658 34.57106257483 132.0135582619 298.9223
0659 34.43972016593 131.8643138569 221.7960
0660 35.16966161152 133.5639907649 603.4844
0662 34.99336367102 133.3962759574 293.4591
0663 34.81160292485 132.8515759911 199.0917
0664 34.77779141770 133.3376340453 554.1016
0665 34.37034600473 132.1946536419 401.8427
0666 34.26092190221 132.4555455974 57.5132
0667 34.21006889046 132.8843843452 46.7076
0668 34.76434617655 131.1523952939 40.0510
0669 34.34208686119 131.1761608535 76.8577
0670 34.17977200122 131.0656705617 70.1645
0672 33.90993328224 132.3583365392 39.6675
0673 34.17181023812 134.6050256176 42.6230
0674 34.03973945921 133.8749885472 134.5766
0675 33.78953095711 134.3014675373 333.4170
0676 34.44545481990 133.9986800006 44.4205
0677 34.38339930587 133.7806750410 43.5442
0678 34.25244577824 133.1891002931 58.3781
0679 33.95947289353 132.7817400189 45.8544
0680 33.61159435463 132.4872551297 196.9776
0681 33.17758770210 132.5437553635 183.7528
0683 33.32691028381 133.2284699367 43.2214
0684 33.21543216301 133.1286367510 263.8418
0685 33.74550795045 130.7495520502 59.9139
0686 33.69740360616 131.0165313805 55.4003
0687 33.64046310660 130.8238899742 87.4652
0688 33.32722428410 130.7011543189 85.7232
0689 33.19603013163 129.9400885863 139.3741
0690 33.26611948627 129.6900245797 113.5502
0691 33.25578955572 129.1255117714 92.0581
0692 32.88562806006 129.0263426629 60.7214
0693 32.79570099880 130.1664276492 144.0667
0694 32.79301397228 130.3359602321 209.3602
0695 32.71229122499 130.2166610070 262.3628
0696 32.72257367719 130.3522747128 70.6849
0697 32.66065013164 130.2907165997 83.1186
0698 32.63427409057 128.6193628923 39.4413
0699 33.12195704157 131.0629029986 469.6373
0700 33.01128964629 130.7486196944 115.3409
0701 32.87074566137 130.9962211765 450.7720
0702 32.57672552105 130.7949048598 287.7849
0703 32.95065149491 131.0934246351 544.6144
0704 32.84500126167 131.1321497287 650.8894
0705 33.53712295585 131.3566389618 70.4240
0706 33.34985225656 131.5884320893 39.4223
0707 33.27027171842 131.1211352706 381.1459
0709 33.22842672856 131.5794826597 106.8956
0710 33.19057385333 130.9157382673 877.8037
0711 32.55704822134 131.5306762842 124.5667
0712 32.38439828243 131.3340164392 285.1943
0713 32.06910644780 131.4860210763 52.9003
0714 32.04771793203 130.8656332559 287.3375
0715 31.84209846625 131.3063091844 171.9872
0716 31.39910494584 131.3058701167 44.3687
0717 32.19707355614 130.1796543254 122.2452
0718 31.90883940164 130.4396575227 93.5948
0719 31.62409756944 130.6518917154 42.3794
0720 31.59184109862 130.7085407019 66.1450
0721 31.55222131366 130.6373563298 80.2716
0722 31.49615229776 130.6994035771 39.9291
0723 30.78465470551 130.2749839507 153.4866
0724 30.75332476550 131.0285976852 193.8146
0725 30.46138892411 130.1982470397 94.0702
0726 30.39867642513 130.9032322529 215.9910
0727 30.39575605133 130.4243798875 40.7084
0728 30.23635244738 130.5545479193 88.4560
0729 29.61532900094 129.7057441795 139.6243
0730 28.48721769529 129.6935736553 41.1428
0731 28.37113061515 130.0289559588 37.1274
0732 28.29397988848 129.9216711645 40.5756
0733 28.13758189336 129.3204457542 37.1914
0734 27.81663581737 128.8944757214 69.1221
0735 27.40123806113 128.6507253729 60.0156
0736 26.94448715939 127.9450544952 76.5657
0737 26.85934357709 128.2483626138 95.9534
0738 26.70827267181 128.1440321748 40.7509
0739 26.58287549589 127.2316303277 59.8860
0740 26.48273032362 127.9723904867 71.6393
0741 26.44692450735 127.8327317579 144.6416
0742 26.37293496465 127.1436499465 44.1745
0743 26.34782923668 126.7391468835 44.4564
0744 26.17879285432 127.3452529715 150.1370
0745 26.16860712784 127.8261830473 97.1093
0746 25.95372967191 131.2906674226 72.5244
0747 24.82795696053 125.1709795482 46.5982
0748 24.64161370619 124.6924400311 42.3679
0749 24.53662333118 124.3012880728 42.9341
0750 24.33887631506 124.1726485257 46.8189
0751 24.06149885539 123.7958466680 62.4488
0752 36.53925907220 139.0567392027 513.4429
0753 36.00373559019 139.2693312916 149.4168
0754 35.88404862117 139.1822004197 288.8155
0755 35.80080250058 139.3659721848 182.1993
0756 35.28838352183 140.2491618173 64.2831
0758 35.61642821452 139.3698984562 187.0047
0759 35.16086688582 139.6138432858 68.3464
0760 34.88203100564 135.7898481788 99.4436
0761 34.62105257921 135.6188221903 54.6185
0762 34.86412113144 134.6596647817 68.5488
0763 34.69833501790 135.7060288937 198.6736
0764 34.57399944012 135.8198631677 96.1820
0765 34.80956807665 134.1757916489 71.9189
0766 34.57914681410 133.7570167214 43.6888
0767 34.45043987695 133.2881176135 172.6027
0768 34.33487445905 132.8202195372 183.9501
0769 34.19118010664 132.2191372839 174.2059
0770 33.37218110190 129.9548575952 48.6291
0771 33.34648673432 130.4445163395 61.8460
0772 32.94558630983 129.9896864693 362.1751
0773 32.58167368915 130.4304461746 50.8747
0774 32.52453332683 130.0851873359 60.3138
0775 32.42627322225 130.3236340262 621.3872
0776 31.67510101874 130.4694523231 204.7497
0777 31.41589104406 130.1357634827 41.7558
0778 45.21976732258 141.5982301096 47.0064
0779 45.12677413927 142.3518403857 46.4200
0780 44.78017068956 142.7179159441 45.4327
0781 44.63992596982 141.7939171875 37.2773
0782 44.36512703458 142.2645295831 322.9616
0783 44.14875294846 141.6645992252 82.0233
0784 43.72277901467 144.5064090920 163.3775
0785 43.62432801565 141.3705842118 52.7878
0787 43.43163273181 142.6430599434 1049.5466
0788 43.10169086217 143.9019863800 163.8012
0789 43.01365165053 142.8700589006 218.0073
0790 42.93377165409 142.0846003811 233.0972
0791 42.80650764929 143.4949716863 80.5931
0792 42.42054665918 141.0810585192 51.8235
0793 42.48641050996 143.1519736354 391.4121
0794 41.93485161380 140.3712355854 156.5147
0795 39.84900968283 141.4526034025 683.6930
0796 39.12699844354 140.9884786970 227.8943
0797 37.98440707845 140.6456372583 105.9253
0799 38.43434226606 140.0946312127 288.1983
0800 37.01844585699 140.8416663895 71.0749
0801 37.03693499305 139.4022402231 960.0185
0802 36.77806113277 138.9448217785 665.3096
0803 38.28897923157 140.1999346780 405.8833
0804 35.41926860506 139.5219243704 89.4369
0805 37.82815757476 139.2260462346 52.0731
0806 37.77698968557 138.8804476167 47.8435
0807 37.49865590143 138.7795456128 100.6786
0809 35.67369345434 138.4568204420 413.5869
0810 37.58973634839 138.9202849616 56.3797
0811 35.57509211034 137.5287812419 388.9603
0812 35.35973068493 136.4703051998 158.6775
0813 35.11416723349 138.9738681922 197.7587
0814 34.71947415866 138.8764719572 172.6072
0815 35.11715258093 138.6099744558 54.2673
0817 35.06697423219 138.2099843343 701.8053
0818 35.04488372672 138.0816846311 274.8158
0819 34.90205095855 137.9468107787 168.0935
0820 34.84941381000 138.1767451697 106.7647
0821 34.75204158190 137.6807773527 86.6848
0822 35.30083727649 136.7888245913 50.2983
0823 35.28334318883 134.5882097587 720.8284
0824 34.17995260077 136.0969902008 1619.9093
0825 33.96948178095 135.7351799817 246.4610
0826 33.63717109934 135.7087897772 201.5212
0827 34.21779754754 134.3934300652 46.0203
0828 33.36796818558 132.0460942414 89.3526
0829 33.38437275219 132.4753466372 253.4578
0830 33.70428424351 133.3626417773 769.2616
0831 33.09735318461 130.4649930743 50.3402
0832 32.83961074911 129.7207131955 145.2799
0833 33.12784288811 131.2067986244 976.2590
0834 32.09843402733 130.3606612938 190.8578
0835 31.90616386753 130.2389761055 62.6398
0836 31.79601983346 130.4080013278 68.9615
0837 31.82406074150 130.5995942976 314.6026
0838 34.69025456886 138.7627901380 103.3324
0840 34.83616584057 138.3312182929 46.4596
0841 34.94975692368 139.0699034103 411.1000
0842 34.95434667441 138.2498990906 105.1019
0843 35.17488709209 134.0495456540 270.0824
0844 40.83440388383 140.8105415934 47.7180
0845 37.36182249078 140.3244061153 293.8860
0846 33.81835741322 133.4618027201 938.8227
0847 35.16045105223 137.8687626226 335.5057
0848 45.51411334616 141.9552501924 35.8462
0849 45.23010530388 141.8817863742 65.6208
0850 44.99050420759 142.2922584684 51.2289
0851 44.91606512888 142.0217812224 47.6708
0852 44.74324166547 142.0387152337 62.4203
0853 44.54649953340 142.5711678828 312.2422
0854 44.33229370121 142.9358439544 157.5525
0855 44.31766345719 141.8721716645 87.5462
0856 44.26085362142 143.3645865947 63.1413
0857 44.16547392254 142.4009000147 163.5047
0858 44.11444850226 142.6012471989 247.0581
0859 44.06503260829 144.9935042192 96.2525
0860 44.05210586513 141.8607506940 68.9711
0861 43.90992649215 143.5341568877 224.9039
0862 43.88929094226 142.2365415917 177.6936
0863 43.87872133905 143.1766951682 416.5324
0864 43.79402814273 145.0568620846 43.9397
0865 43.72565800755 142.1323106082 101.0551
0866 43.71032307186 143.3810841044 431.5738
0867 43.64690675742 142.7944109481 1100.2415
0868 43.64456101126 143.9917337736 167.1161
0869 43.55599446611 145.2203669449 47.9769
0870 43.54592757639 144.7190437577 226.6221
0871 43.52157688719 142.1876122356 127.2499
0872 43.50421552581 141.6167688304 237.0525
0873 43.47358066769 143.7538552255 249.0039
0874 43.36647063022 143.1870496894 593.4748
0875 43.32070376648 140.3782765198 56.3803
0876 43.24052850321 141.3459590235 40.5758
0877 43.22089385424 141.6520277268 45.3777
0878 43.21818955337 144.9707278746 85.0213
0879 43.17133024357 143.0277625674 365.6001
0880 43.16504708973 142.5670345320 387.7386
0881 43.14939177060 144.4964976961 58.7540
0882 43.14039487755 141.2032930745 42.3739
0883 43.12389542605 143.5977023740 93.0890
0884 43.08259511174 140.8111191695 183.6782
0885 42.89063327122 142.5322567622 373.9209
0886 42.80034270718 143.6555386794 46.0094
0887 42.80334001339 142.9536861227 254.3933
0888 42.68533541413 140.0117772259 41.9559
0889 42.67396268442 143.3127958639 200.8468
0890 42.55426151952 142.3959243255 156.7312
0891 42.27723417375 142.7679460632 83.4855
0892 41.74059077346 140.9293338452 61.9291
0893 41.71132373404 140.5350275877 56.0390
0894 41.46615825572 141.0944684017 91.1464
0895 41.19966174103 140.9838157056 43.0414
0896 41.16093176845 141.3856948593 51.0321
0897 41.12172096213 140.2935312341 88.9342
0898 40.73063084923 140.0109979977 103.4444
0899 40.57997772558 141.1060270114 202.0763
0901 40.50875914748 141.3319939518 173.5146
0902 40.44762936363 140.9415953104 475.8541
0903 40.27103758482 141.4848700606 283.5734
0904 40.10674184768 141.0464627536 348.1267
0905 39.97095555352 141.6621796641 429.2067
0906 39.73895905011 141.9702237376 50.2422
0907 39.63936928351 141.4261280838 684.0605
0908 39.55444912523 140.8363322261 471.2071
0909 39.46468340507 141.2930202878 244.4923
0910 39.23536292533 141.3116982174 222.2317
0911 39.01209353460 141.4008881670 211.9177
0912 38.99545225313 141.1485521195 131.5711
0913 38.93402738035 140.8331887550 691.6898
0914 38.74321970428 141.3178631660 58.2967
0915 38.68613468602 141.0043346049 105.3381
0916 38.66062948206 141.1607189918 50.9984
0917 38.57181064864 140.7277228299 224.4231
0918 38.50984303987 141.3043961610 90.9308
0919 38.17711251673 140.9437240136 48.2863
0920 37.82459981850 140.7276638880 344.6296
0921 40.33939310648 140.0275707297 47.7880
0922 40.18331248405 140.4081589539 99.5463
0923 40.09969627668 140.0055018666 46.0646
0924 39.92138659191 140.5358640393 332.5189
0925 39.52756034624 140.0539363404 77.9268
0926 39.50813123904 140.5961008802 113.8663
0927 39.29673931378 140.2789391857 179.7309
0928 39.14619435492 140.7150691242 322.0362
0929 39.05437419586 140.4473506967 199.8523
0930 38.93809820554 140.1834889921 173.9936
0931 38.75215017145 140.4972812793 236.0761
0932 38.70116395072 139.6745377503 60.1493
0933 38.62841018874 140.2205235215 272.9621
0934 38.17043649786 140.3939032701 930.5845
0935 37.92058348999 139.8794202146 423.5318
0936 37.83349497594 140.4467939307 159.9664
0937 37.66928715065 139.9726766901 443.3901
0938 37.59109056546 140.5716475933 443.9360
0939 37.46128847052 139.8355353488 277.2916
0940 37.44487052943 140.4640492564 363.4454
0941 37.32620987778 139.6863557326 815.7625
0942 37.29304045006 140.2127602762 373.3826
0943 37.21056142835 140.4509872440 411.6462
0944 37.18308956978 140.7160171681 528.3679
0945 37.02358041617 140.3762846576 342.5430
0946 36.93261811926 140.6901669303 231.3594
0947 36.47584969838 140.3857020588 91.1343
0948 37.12469923293 140.0354209638 799.4123
0949 36.87224720128 139.5053213466 1087.8879
0950 36.53763312569 139.7527966528 170.9052
0951 36.45658063355 139.9025145788 118.4952
0952 36.83735519713 139.0608573346 799.2682
0954 36.59137731240 138.8478953494 419.1030
0955 36.39534674705 139.0167141775 178.2801
0956 36.26769179266 139.2546431343 86.0646
0957 36.20026628354 138.7029869446 660.1615
0958 35.92992799383 138.9260555645 1175.9494
0959 35.14380289127 139.9684703878 110.4577
0960 35.39148824161 139.3660655607 53.7528
0961 37.54034092900 139.1114549150 140.0524
0962 37.21211334707 138.6346039906 135.7596
0963 37.15761600237 139.2471142981 752.6875
0964 37.10708447681 138.4573639798 172.0478
0965 36.77895580681 140.2964998533 188.2652
0966 36.91950779755 137.0264344160 48.3669
0967 36.86434441797 137.5513289446 171.2113
0968 36.75795050114 137.1544759586 44.3498
0969 36.59209058354 136.8064046788 134.7065
0970 36.47279949802 137.2392259563 255.3897
0971 37.43225820004 137.0339434752 68.0292
0972 37.22643608802 136.9087746279 44.3489
0973 36.53726549917 136.5406760500 50.4703
0974 36.22956322977 136.3616465017 125.1413
0975 36.10973351491 136.0489492318 47.6992
0976 35.90141405776 136.6577410481 466.0994
0977 35.88821685534 136.3395804696 261.4992
0978 35.48657228881 135.7556448593 46.2509
0979 35.90493255388 138.4442168182 1208.9841
0980 35.75387136712 138.9499912434 780.3456
0981 35.46769217259 138.6068691620 973.8313
0982 36.85668693198 138.6242544337 739.9662
0983 36.70664681599 138.0967302746 972.7363
0984 36.52360391599 138.1209488956 408.1422
0985 36.26098771926 138.3660458113 788.5721
0986 35.94460116363 137.7854373183 1033.4532
0987 35.87841856314 138.0957080789 915.9348
0988 35.81555276708 137.4508806685 1103.9583
0989 35.66122814606 137.6201575266 546.4869
0990 36.14026351584 137.0805294147 896.6801
0991 35.72348790737 136.7846208146 393.9322
0992 35.52312883686 137.3090944613 497.5593
0993 35.48005930289 136.5452917710 101.7703
0994 35.30055098890 137.2523176494 398.8326
0995 35.10002266386 137.5753321107 527.2351
0996 34.91734097072 137.1523888188 55.1304
0997 34.78591475210 137.3387691883 45.9417
0998 34.74005159506 136.9384801432 61.0764
0999 34.42032591697 136.4744575033 114.2393
1000 33.87700195135 135.9283035713 114.5743
1001 35.41952482522 135.0876468910 264.6646
1002 35.33345963029 135.3407001252 160.1064
1003 35.15518231594 135.6342115609 287.2248
1004 34.32646204303 135.2199438285 120.4759
1006 34.76042407578 134.3761124779 42.2519
1007 34.71064543134 136.0418953806 278.0654
1008 34.49387183819 136.1731493513 545.0150
1009 34.29292732269 136.0026448367 403.5589
1010 34.24196547288 135.8547933056 653.1548
1011 33.94079523356 135.5540076293 456.4284
1012 33.66875824098 135.8820879448 590.2808
1013 33.65834439928 135.5338446147 121.0732
1014 35.52985914966 134.1952725732 43.1553
1015 35.50693587730 133.4951360516 71.0260
1016 35.49320152866 133.8697492014 43.7638
1017 35.34059208967 134.1559490303 168.2829
1018 35.49191024240 132.9219925919 76.9555
1019 35.31069273050 133.1920884554 180.7520
1020 35.30972502384 132.9026938100 81.9844
1021 35.23307832379 132.6690093699 151.6747
1022 35.03190103104 132.3855659522 306.6126
1023 34.85674571638 132.6851594855 335.1007
1024 34.77794818882 132.1094643837 411.3640
1025 34.62434532635 131.8103145224 58.0995
1026 35.28295726857 133.6807608438 511.7400
1027 35.10502511473 133.9126890142 242.6200
1028 34.73807824410 133.8004405022 67.5028
1029 34.59028519860 133.9726017654 43.7484
1030 35.03521221948 132.9020943164 600.2275
1031 34.63367169868 132.9081112964 439.7905
1032 34.61220162029 133.3412905602 429.0096
1033 34.51561887139 133.1401900642 173.3370
1035 34.18463594307 132.6919611422 40.6970
1036 34.06923102551 132.5316301015 40.7009
1037 34.19527276552 131.7353272689 326.9629
1038 34.09006065302 132.0527332118 81.4365
1039 34.02052310951 131.1130398432 47.7770
1040 33.84591690348 132.1199581379 98.3917
1041 33.99368698025 134.4573015419 115.6003
1042 33.93456410987 134.2111623097 379.3381
1044 34.47853377987 134.1759750421 87.7344
1045 34.32591815196 133.8993865874 44.3032
1046 33.97416961462 133.3506986636 41.3109
1047 33.88408841488 133.0474000545 78.8368
1048 33.64273174497 132.7985275531 338.6364
1049 33.30505556799 132.7436871789 198.5843
1050 33.09608720500 132.6336410400 281.0771
1051 33.62580298489 133.5310278197 297.3213
1052 33.60702185224 133.1544900755 317.9097
1053 33.49710978498 134.0993159618 147.6364
1054 33.41666213370 133.0895443781 464.4194
1055 33.39489466421 134.2055322770 50.0776
1056 33.19313864455 132.9721317477 189.2914
1058 32.96106816138 132.8314631477 46.6992
1059 32.73861159490 132.5554352144 182.9925
1060 33.92972049816 130.7224216486 41.0117
1061 33.86700961918 130.9711226763 42.8784
1062 33.68306959542 130.2969055949 53.2628
1063 33.57976779815 130.6756675865 77.0726
1064 33.56473319980 130.9954261477 244.0100
1065 33.50303749246 130.0792711812 47.2292
1066 33.29200274812 130.0972187981 85.0670
1067 33.07338644864 129.8629513590 42.7890
1068 32.76830518521 129.9589473212 94.7235
1069 33.06013613586 130.6217654493 72.8815
1070 32.99593463703 130.8726569488 290.1175
1071 32.70923338526 130.7483701878 69.5817
1073 32.39608013911 130.8273480963 343.7931
1074 32.36740816988 130.1798919433 71.6069
1075 32.34351441637 130.6564932183 380.3937
1076 32.29239492862 130.9863960274 222.9947
1077 33.51433097517 131.5211506276 123.6053
1078 33.38375310527 131.2916789986 182.8601
1079 33.09619679818 131.7484112442 49.5822
1080 32.93635692140 132.0390475374 38.0662
1081 32.89889604148 131.4415275260 329.7488
1082 32.85222409854 131.6292270409 214.5009
1083 32.52793169099 131.3647047378 867.9427
1084 32.31623242350 131.5830307184 84.4924
1085 32.11189001941 131.3474901680 54.0779
1086 32.00180407588 131.2544579985 61.3700
1087 31.87779530564 130.9769537688 400.7231
1088 31.78597328703 131.4700680242 38.1892
1089 31.74378073167 130.7356763027 54.5261
1090 31.56460421271 130.9983059343 126.7961
1091 31.45025161035 130.3400562616 44.2527
1092 31.37723657532 130.5405952302 87.0359
1093 31.24274724947 130.8671068387 212.9407
1094 26.38634461758 127.9936762887 51.6753
1095 26.31271427627 127.7603651357 40.5366
1096 26.19457663010 127.6776328600 40.1220
1098 24.29009544132 153.9786563831 35.6565
1100 35.36077049618 138.7273047509 3819.8383
1101 35.10476199843 136.5037575308 161.7419
1102 35.32207501553 138.1857846545 994.9353
1103 34.96748072571 137.4231324834 580.2135
1104 34.54391396763 136.9817490882 52.6325
1105 34.37357937587 136.8019976397 50.5848
1106 34.29792720571 136.3884921965 190.1945
1107 33.93294815906 136.1399686883 67.8351
1108 34.15584807521 135.7434572381 407.8525
1109 34.09084962805 135.2903403895 372.0358
1110 33.85449998541 135.3991274049 205.7198
1111 33.79908257330 135.8710887278 83.2046
1112 33.64725069890 135.4059990554 49.8081
1113 33.52008011726 135.8341415726 118.4543
1114 33.93279693210 134.5100269583 72.4864
1115 33.83884069067 133.7969498893 490.6566
1116 33.82197777489 134.4845519396 132.0737
1117 33.51035478024 132.5647037528 303.0688
1118 33.20218088421 132.3603881734 43.3375
1119 33.54572617946 133.4317051809 55.7921
1120 33.54253488002 133.6998371840 45.9314
1121 33.36738311418 134.0561911131 48.4037
1122 33.26612353561 134.1781135158 286.7247
1123 33.31213155808 132.9740232101 308.0694
1124 33.06012029616 132.8220788152 65.0878
1125 32.86948263946 132.9821703059 43.2151
1126 32.76209958704 132.8106570785 42.7774
1127 35.77753441300 137.8144790548 2677.1269
1128 35.40513393774 136.7287526489 51.7968
1129 34.60333420203 136.4319379172 88.2531
1130 33.74760505803 135.5899344154 241.3328
1131 33.72251115604 133.9408694621 386.4116
1132 33.54583412762 133.0432314186 479.1067
1133 33.03946436615 132.4887739731 43.5004
1134 33.39103063774 132.9226480949 446.8052
1135 35.49039956559 133.6995731383 72.5150
1136 34.70211649048 137.6368773043 47.4957
1137 33.07883571090 131.3840278791 519.2892
1138 36.57696852129 137.5959722967 2483.2936
1139 34.28507140738 136.5404769530 48.1838
1140 20.42554983102 136.0810729225 46.9964
1141 33.10391229442 132.9616877155 115.6317
1142 32.92769021994 132.6758239883 40.6429
1143 34.93073367953 136.2955713083 300.7992
1144 34.97056729808 138.7946578519 76.8257
1145 38.90192137688 141.2832280166 81.6710
1146 34.08549867718 135.4261075447 279.6579
1147 34.04378754073 131.8350035841 72.1175
1148 34.49000128974 136.7282271915 59.0974
1149 34.29661017267 136.6931875599 73.6334
1150 42.55793207720 140.8987961329 114.7550
1151 34.49213967922 132.6503230927 267.2658
1152 33.62229612968 133.9240992940 225.3514
1153 33.77457310428 134.1141689123 513.9376
1154 33.76940471303 135.3053077133 66.8571
1155 33.66080458796 135.9705959687 49.8949
1156 33.82042561475 136.0243467957 149.0753
1157 34.39704768833 132.3398203201 217.5499
1158 37.00071917821 136.7727072430 51.7148
1159 39.36201528671 141.0546603126 154.6939
1160 34.67231236614 137.7233775495 46.8528
1161 34.68038183496 137.4424549643 112.4839
1162 38.51119438182 139.5338328482 73.0191
1163 36.60233789459 139.2761929461 1016.5240
1164 34.57543262210 132.2688118083 273.7261
1165 33.30912966615 132.5969934763 238.0797
1166 33.15473939759 133.2188653884 216.6322
1167 35.53562544629 134.4914970992 278.9872
1168 32.58172966271 129.7769723406 41.3101
1169 32.67516131488 130.9871449760 496.6555
1170 35.20664956310 135.7748075866 424.1455
1171 35.75802935726 139.6445439864 79.6012
1173 41.83399537041 141.1421779109 44.4249
1174 40.57518034739 140.2949976446 166.4706
1175 40.92115246524 140.9902299361 68.6033
1176 37.33669522774 140.8084688754 461.7357
1177 43.33342270947 142.9466128031 406.6467
1178 34.60315333145 138.2152476538 90.8588
1179 38.25775024751 140.7547033745 212.5143
1180 35.58670848812 134.3304575799 53.4691
2004 31.42530885869 130.8785776500 134.5272
2005 43.52864332403 141.8448194220 118.5454
2007 27.06753193541 142.1950275121 104.2087
2106 35.00685254477 139.0819708840 60.7240
2107 34.97186380269 139.1016885600 54.8550
2110 36.10611472288 140.0871963686 70.2471
3001 36.29516295475 139.5423056694 69.0362
3002 36.26326889061 140.1742715528 94.1807
3003 36.20367225154 139.8105319796 68.8952
3004 36.18130644638 140.5444917170 82.3916
3005 36.12095153368 139.3451736656 95.3303
3006 36.09693649461 140.3431574830 68.5779
3007 36.08722771963 139.6367281133 56.7807
3008 36.01089689187 139.7999363677 50.7506
3009 35.95545457368 140.6592433489 65.6189
3010 35.97040902173 140.4029572702 55.0370
3011 35.92550467483 139.4642888141 62.8706
3012 35.94029171811 139.9927271006 62.2883
3013 35.93747085698 139.6518640503 55.6301
3014 35.87364809689 140.1454974262 46.7357
3015 35.80332962190 140.4070118398 80.2176
3016 35.78021458796 139.8128153641 44.5702
3018 35.78646631604 140.0247584330 69.5489
3019 35.71037115371 139.4882654590 123.5751
3020 35.71745281353 140.3151509164 76.3663
3021 35.77730278040 140.6468270962 90.2373
3022 35.72635481371 140.8372350946 58.9790
3023 35.67546390767 139.9023571998 43.4519
3024 35.64235354453 140.4483043611 77.8027
3025 35.54414426001 140.1865656349 84.2377
3026 35.56340309898 139.6733547224 47.4036
3027 35.53011602104 140.3182383530 57.1923
3028 35.52140910820 139.4678432272 124.9207
3029 35.48264136318 139.3225782793 107.0169
3030 35.44778392045 140.0513337769 79.5272
3031 35.41535086002 139.0451805991 372.3823
3032 35.43648437836 139.6537493000 70.4921
3033 35.42112671734 140.3373725840 44.3014
3034 35.32668151832 139.4660697148 46.3731
3035 35.30489944869 139.2626957137 119.3271
3036 35.31170233583 139.8255208921 46.6825
3037 35.33313963066 140.1467926659 95.2854
3038 35.32160367503 138.8816514297 690.9718
3039 35.14370908415 139.8435687769 56.6246
3041 35.16590091805 140.2680221655 127.9117
3042 35.14860482455 139.1104370986 56.7408
3043 35.11001555153 138.9018594557 67.0977
3044 35.11186074463 140.0792684187 48.9778
3045 35.25480822092 139.9543426299 381.6890
3046 35.01482709318 138.9979272543 332.6377
3047 34.95408395414 139.8640792350 141.6414
3048 34.93930655771 139.1311603704 363.0782
3049 34.91611498240 138.9248241685 184.8606
3050 34.83533134272 137.6723408287 81.5045
3051 34.78441852011 139.3813939247 136.6420
3052 34.78594898348 138.0175273023 96.0220
3053 34.75134946609 138.9898160754 52.6946
3055 34.68678527884 139.4332172046 115.3550
3057 34.37182544980 139.2579111708 59.1785
3058 34.20047767243 139.1344524587 84.5648
3059 34.12106837041 139.5038488553 91.1897
3060 34.05911138771 139.5471528088 84.2160
3061 34.92182032789 139.0136881749 521.8174
3062 34.87847430624 139.1243641182 60.9277
3063 35.72375816416 139.2681338009 201.4563
3064 35.62334923463 138.9758559158 474.4256
3065 35.61027369335 139.1572268081 242.1067
3066 35.42851863248 139.2048680111 805.6360
3067 35.26709395386 139.6648380698 63.2666
3068 35.24551596136 139.0493394569 599.7035
3069 35.44357958149 138.4452479323 305.5372
3070 35.49658926984 138.8140378192 787.9950
3071 35.36207798800 138.5634353256 728.9003
3072 35.30553925550 138.7706754094 1495.9268
3073 35.28946137254 138.4456998555 189.6646
3074 35.20097875884 138.2535141989 1126.9047
3075 35.20318316299 138.6169882347 212.1850
3076 35.17358990782 138.7215422819 133.9476
3077 35.06740735655 138.5247097420 55.7192
3078 35.10345838651 138.3686965750 266.2047
3079 35.10391154551 138.1349017081 349.0066
3081 34.99052508193 138.3782960902 64.4632
3084 35.07929271019 137.6952359686 346.1880
3085 34.77607509371 138.7860625574 54.1046
3086 34.61000027679 138.8384169046 121.4427
3088 34.93979714370 138.0748623371 188.2192
3089 34.84385727775 137.9321471853 102.4332
3090 34.94134492040 137.8179404640 112.9162
3091 34.75775648406 138.1369156752 211.1592
3092 34.73830837179 138.2256040086 48.4062
3093 34.71525163543 138.0535423834 57.9389
3094 34.64290221210 138.1292862445 61.5709
3095 34.67042004075 137.9374379946 49.2283
3096 34.75539349055 137.9112770021 56.2147
3097 34.79283624103 137.7917921887 64.5265
3098 34.67188211655 137.8234224673 47.9682
3099 34.93767560445 137.5754930212 131.9055
3102 34.86481522679 137.4340043305 80.6684
3103 34.80872694091 137.5543409569 67.6667
3104 34.71805214822 137.5149351464 60.5131
5105 35.04062790793 139.1710345490 77.4309
5113 33.11995067913 139.7972437392 112.1615
AIRA 31.82406069000 130.5995942498 314.7611
CCJ2 27.06753204196 142.1950273892 104.2615
CCJM 27.09394160627 142.1946086549 56.2044
KNYA 31.42530885462 130.8785771290 134.6710
OKNW 26.14481276813 127.7689213709 127.5689
P124 26.17946939909 127.8246731371 38.4761
P211 36.87917602434 -121.6980388495 60.5996
TSK2 36.10557604342 140.0871158383 69.9360
TSKB 36.10567919359 140.0874961594 67.2754
USUD 36.13310982918 138.3620434114 1508.5650
